objloc,rss,time,beacon
370000,-97,1590520076015,20
370000,-90,1590520076040,24
370000,-95,1590520076053,1
370000,-81,1590520076074,8
370000,-78,1590520076100,22
370000,-92,1590520076104,19
370000,-96,1590520076121,20
370000,-89,1590520076142,24
370000,-77,1590520076193,22
370000,-93,1590520076198,19
370000,-96,1590520076245,20
370000,-89,1590520076250,24
370000,-82,1590520076280,8
370000,-77,1590520076305,22
370000,-93,1590520076307,19
370000,-94,1590520076336,20
370000,-88,1590520076344,24
370000,-76,1590520076405,22
370000,-97,1590520076408,19
370000,-94,1590520076437,20
370000,-83,1590520076461,24
370000,-81,1590520076466,8
370000,-84,1590520076551,24
370000,-81,1590520076580,8
370000,-75,1590520076607,22
370000,-87,1590520076652,24
370000,-76,1590520076679,8
370000,-72,1590520076708,22
370000,-97,1590520076749,20
370000,-84,1590520076786,24
370000,-83,1590520076789,8
370000,-73,1590520076832,22
370000,-79,1590520076880,8
370000,-70,1590520077013,22
370000,-92,1590520077032,19
370000,-82,1590520077075,24
370000,-78,1590520077079,8
370000,-70,1590520077117,22
370000,-91,1590520077138,19
370000,-94,1590520077173,20
370000,-93,1590520077199,1
370000,-70,1590520077221,22
370000,-98,1590520077252,19
370000,-72,1590520077334,22
370000,-86,1590520077419,24
370000,-79,1590520077424,8
370000,-96,1590520077428,1
370000,-72,1590520077444,22
370000,-99,1590520077451,19
370000,-95,1590520077487,20
370000,-82,1590520077503,24
370000,-93,1590520077512,1
370000,-73,1590520077546,22
370000,-96,1590520077591,20
370000,-82,1590520077619,24
370000,-79,1590520077622,8
370000,-94,1590520077627,1
370000,-71,1590520077650,22
370000,-93,1590520077721,20
370000,-81,1590520077725,24
370000,-79,1590520077729,8
370000,-94,1590520077731,1
370000,-70,1590520077754,22
370000,-95,1590520077796,20
370000,-76,1590520077821,24
370000,-81,1590520077825,8
370000,-95,1590520077828,1
370000,-79,1590520077914,24
370000,-82,1590520077917,8
370000,-70,1590520077962,22
370000,-93,1590520078014,20
370000,-83,1590520078041,8
370000,-81,1590520078044,24
370000,-96,1590520078054,1
370000,-70,1590520078071,22
370000,-95,1590520078110,20
370000,-82,1590520078139,8
370000,-71,1590520078180,22
370000,-82,1590520078234,8
370000,-81,1590520078238,24
370000,-96,1590520078241,1
370000,-72,1590520078281,22
370000,-81,1590520078332,24
370000,-71,1590520078383,22
370000,-80,1590520078432,24
370000,-81,1590520078459,8
370000,-70,1590520078488,22
370000,-83,1590520078543,24
370000,-97,1590520078547,1
370000,-80,1590520078560,8
370000,-69,1590520078609,22
370000,-82,1590520078641,24
370000,-82,1590520078664,8
370000,-69,1590520078712,22
370000,-95,1590520078752,20
370000,-81,1590520078755,24
370000,-99,1590520078757,1
370000,-83,1590520078782,8
370000,-70,1590520078813,22
370000,-80,1590520078851,24
370000,-84,1590520078881,8
370000,-71,1590520078905,22
370000,-82,1590520078952,24
370000,-83,1590520078981,8
370000,-71,1590520079016,22
370000,-94,1590520079056,20
370000,-79,1590520079087,24
370000,-87,1590520079091,8
370000,-65,1590520079119,22
370000,-96,1590520079152,19
370000,-84,1590520079186,24
370000,-88,1590520079219,8
370000,-66,1590520079229,22
370000,-91,1590520079250,19
370000,-80,1590520079279,24
370000,-89,1590520079303,8
370000,-65,1590520079342,22
370000,-98,1590520079352,19
370000,-79,1590520079401,24
370000,-84,1590520079406,8
370000,-65,1590520079435,22
370000,-93,1590520079469,19
370000,-79,1590520079502,24
370000,-82,1590520079527,8
370000,-94,1590520079557,19
370000,-79,1590520079604,24
370000,-81,1590520079639,8
370000,-66,1590520079675,22
370000,-92,1590520079680,19
370000,-80,1590520079728,24
370000,-82,1590520079732,8
370000,-64,1590520079760,22
370000,-96,1590520079764,19
370000,-79,1590520079824,24
370000,-77,1590520079829,8
370000,-94,1590520079870,19
370000,-80,1590520079921,24
370000,-78,1590520079932,8
370000,-66,1590520079979,22
370000,-95,1590520079994,19
370000,-79,1590520080046,24
370000,-80,1590520080055,8
370000,-64,1590520080080,22
370000,-91,1590520080100,19
370000,-76,1590520080138,24
370000,-77,1590520080145,8
370000,-66,1590520080186,22
370000,-95,1590520080211,1
370000,-80,1590520080237,24
370000,-79,1590520080252,8
370000,-66,1590520080280,22
370000,-76,1590520080335,24
370000,-76,1590520080355,8
370000,-64,1590520080376,22
370000,-91,1590520080407,19
370000,-76,1590520080460,24
370000,-78,1590520080464,8
370000,-66,1590520080497,22
370000,-94,1590520080505,19
370000,-76,1590520080547,24
370000,-79,1590520080576,8
370000,-66,1590520080585,22
370000,-94,1590520080612,19
370000,-79,1590520080651,24
370000,-79,1590520080677,8
370000,-66,1590520080695,22
370000,-92,1590520080728,19
370000,-80,1590520080762,24
370000,-79,1590520080803,8
370000,-64,1590520080812,22
370000,-80,1590520080859,24
370000,-79,1590520080883,8
370000,-66,1590520080913,22
370000,-91,1590520080917,19
370000,-79,1590520080997,8
370000,-66,1590520081002,22
370000,-91,1590520081032,19
370000,-99,1590520081063,1
370000,-79,1590520081101,24
370000,-79,1590520081106,8
370000,-64,1590520081110,22
370000,-91,1590520081134,19
370000,-79,1590520081176,24
370000,-76,1590520081182,8
370000,-66,1590520081204,22
370000,-90,1590520081238,19
370000,-76,1590520081281,24
370000,-80,1590520081301,8
370000,-66,1590520081313,22
370000,-92,1590520081337,19
370000,-80,1590520081386,24
370000,-76,1590520081392,8
370000,-64,1590520081424,22
370000,-91,1590520081452,19
370000,-80,1590520081519,24
370000,-77,1590520081523,8
370000,-64,1590520081532,22
370000,-93,1590520081551,19
370000,-80,1590520081592,24
370000,-77,1590520081618,8
370000,-64,1590520081653,22
370000,-95,1590520081659,19
370000,-76,1590520081696,24
370000,-77,1590520081734,8
370000,-66,1590520081736,22
370000,-92,1590520081748,19
370000,-76,1590520081795,24
370000,-77,1590520081821,8
370000,-66,1590520081836,22
370000,-93,1590520081869,19
370000,-95,1590520081893,1
370000,-76,1590520081920,24
370000,-77,1590520081925,8
370000,-65,1590520081961,22
370000,-92,1590520081990,19
370000,-76,1590520082023,24
370000,-78,1590520082029,8
370000,-64,1590520082056,22
370000,-93,1590520082093,19
370000,-76,1590520082124,24
370000,-78,1590520082157,8
370000,-64,1590520082162,22
370000,-91,1590520082194,19
370000,-76,1590520082231,24
370000,-77,1590520082238,8
370000,-64,1590520082263,22
370000,-93,1590520082294,19
370000,-76,1590520082331,24
370000,-78,1590520082356,8
370000,-66,1590520082395,22
370000,-90,1590520082405,19
370000,-79,1590520082457,24
370000,-78,1590520082463,8
370000,-64,1590520082491,22
370000,-91,1590520082517,19
370000,-79,1590520082546,24
370000,-78,1590520082577,8
370000,-66,1590520082582,22
370000,-91,1590520082618,19
370000,-76,1590520082649,24
370000,-82,1590520082676,8
370000,-64,1590520082681,22
370000,-93,1590520082719,19
370000,-79,1590520082778,24
370000,-78,1590520082785,8
370000,-64,1590520082821,22
370000,-90,1590520082828,19
370000,-79,1590520082859,24
370000,-77,1590520082882,8
370000,-64,1590520082889,22
370000,-92,1590520082933,19
370000,-80,1590520082968,24
370000,-63,1590520082996,22
370000,-93,1590520083036,19
370000,-79,1590520083073,24
370000,-78,1590520083097,8
370000,-66,1590520083103,22
370000,-92,1590520083135,19
370000,-79,1590520083182,24
370000,-79,1590520083188,8
370000,-66,1590520083213,22
370000,-92,1590520083248,19
370000,-78,1590520083290,8
370000,-79,1590520083294,24
370000,-64,1590520083317,22
370000,-92,1590520083356,19
370000,-76,1590520083393,8
370000,-78,1590520083418,24
370000,-66,1590520083423,22
370000,-89,1590520083459,19
370000,-76,1590520083499,8
370000,-76,1590520083514,24
370000,-66,1590520083527,22
370000,-91,1590520083551,19
370000,-66,1590520083629,22
370000,-91,1590520083659,19
370000,-79,1590520083710,24
370000,-79,1590520083734,8
370000,-64,1590520083741,22
370000,-92,1590520083776,19
370000,-76,1590520083818,24
370000,-78,1590520083852,8
370000,-66,1590520083856,22
370000,-93,1590520083885,19
370000,-79,1590520083938,24
370000,-78,1590520083941,8
370000,-66,1590520083943,22
370000,-90,1590520083970,19
370000,-76,1590520084022,24
370000,-78,1590520084059,8
370000,-66,1590520084063,22
370000,-90,1590520084087,19
370000,-75,1590520084129,24
370000,-79,1590520084154,8
370000,-75,1590520084158,22
370000,-75,1590520084232,24
370000,-84,1590520084273,8
370000,-76,1590520084279,22
370000,-97,1590520084310,19
370000,-95,1590520084314,20
370000,-74,1590520084343,24
370000,-81,1590520084350,8
370000,-75,1590520084375,22
370000,-84,1590520084450,8
370000,-76,1590520084473,22
370000,-94,1590520084503,19
370000,-92,1590520084512,20
370000,-75,1590520084564,24
370000,-86,1590520084583,8
370000,-75,1590520084587,22
370000,-94,1590520084609,19
370000,-96,1590520084640,20
370000,-76,1590520084673,22
370000,-95,1590520084726,20
370000,-75,1590520084767,24
370000,-85,1590520084772,8
370000,-75,1590520084794,22
370000,-95,1590520084826,19
370000,-93,1590520084831,20
370000,-74,1590520084860,24
370000,-82,1590520084892,8
370000,-76,1590520084897,22
370000,-95,1590520084934,20
370000,-74,1590520084968,24
370000,-85,1590520084996,8
370000,-76,1590520085002,22
370000,-96,1590520085035,20
370000,-75,1590520085081,24
370000,-83,1590520085088,8
370000,-75,1590520085128,22
370000,-95,1590520085140,19
370000,-75,1590520085186,22
370000,-95,1590520085246,19
370000,-84,1590520085282,8
370000,-92,1590520085329,19
370000,-75,1590520085416,24
370000,-83,1590520085425,8
370000,-76,1590520085429,22
370000,-95,1590520085449,19
370000,-75,1590520085489,24
370000,-83,1590520085517,8
370000,-76,1590520085522,22
370000,-91,1590520085548,19
370000,-75,1590520085598,24
370000,-83,1590520085603,8
370000,-75,1590520085632,22
370000,-95,1590520085650,19
370000,-75,1590520085700,24
370000,-83,1590520085737,8
370000,-77,1590520085742,22
370000,-95,1590520085766,19
370000,-75,1590520085804,24
370000,-83,1590520085810,8
370000,-75,1590520085908,24
370000,-83,1590520085913,8
370000,-76,1590520085934,22
370000,-75,1590520086023,24
370000,-79,1590520086028,8
370000,-76,1590520086032,22
370000,-97,1590520086087,19
370000,-74,1590520086130,24
370000,-70,1590520086136,22
370000,-75,1590520086220,24
370000,-85,1590520086230,8
370000,-76,1590520086251,22
370000,-75,1590520086320,24
370000,-85,1590520086341,8
370000,-75,1590520086343,22
370000,-92,1590520086381,19
370000,-84,1590520086429,8
370000,-76,1590520086465,22
370000,-76,1590520086548,22
370000,-75,1590520086642,24
370000,-79,1590520086658,8
370000,-76,1590520086662,22
370000,-74,1590520086748,24
370000,-83,1590520086760,8
370000,-75,1590520086802,22
370000,-75,1590520086847,24
370000,-84,1590520086874,8
370000,-76,1590520086876,22
370000,-74,1590520086954,24
370000,-83,1590520086975,8
370000,-75,1590520086980,22
370000,-74,1590520087064,24
370000,-82,1590520087096,8
370000,-76,1590520087109,22
370000,-96,1590520087133,20
370000,-79,1590520087190,8
370000,-74,1590520087193,24
370000,-77,1590520087195,22
370000,-83,1590520087272,8
370000,-74,1590520087294,24
370000,-76,1590520087299,22
370000,-96,1590520087339,20
370000,-83,1590520087379,8
370000,-74,1590520087406,24
370000,-76,1590520087410,22
370000,-84,1590520087496,8
370000,-75,1590520087510,24
370000,-76,1590520087515,22
370000,-83,1590520087585,8
370000,-74,1590520087612,24
370000,-76,1590520087614,22
370000,-82,1590520087687,8
370000,-75,1590520087714,24
370000,-76,1590520087719,22
370000,-83,1590520087794,8
370000,-74,1590520087823,24
370000,-76,1590520087856,22
370000,-83,1590520087893,8
370000,-74,1590520087914,24
370000,-76,1590520087931,22
370000,-91,1590520087947,19
370000,-84,1590520088000,8
370000,-75,1590520088015,24
370000,-76,1590520088032,22
370000,-79,1590520088104,8
370000,-74,1590520088136,24
370000,-76,1590520088147,22
370000,-95,1590520088177,19
370000,-79,1590520088206,8
370000,-74,1590520088234,24
370000,-75,1590520088238,22
370000,-79,1590520088310,8
370000,-74,1590520088335,24
370000,-75,1590520088342,22
370000,-95,1590520088370,19
370000,-96,1590520088385,20
370000,-84,1590520088416,8
370000,-74,1590520088438,24
370000,-76,1590520088482,22
370000,-97,1590520088488,19
370000,-83,1590520088522,8
370000,-74,1590520088560,24
370000,-75,1590520088564,22
370000,-94,1590520088593,19
370000,-79,1590520088627,8
370000,-75,1590520088663,24
370000,-75,1590520088671,22
370000,-93,1590520088695,19
370000,-83,1590520088731,8
370000,-74,1590520088752,24
370000,-76,1590520088771,22
370000,-95,1590520088797,20
370000,-84,1590520088836,8
370000,-75,1590520088853,24
370000,-76,1590520088871,22
370000,-84,1590520088939,8
370000,-75,1590520088959,24
370000,-76,1590520088990,22
370000,-83,1590520089045,8
370000,-75,1590520089089,24
370000,-92,1590520089146,20
370000,-81,1590520089189,8
370000,-81,1590520089194,24
370000,-70,1590520089214,22
370000,-95,1590520089239,20
370000,-80,1590520089258,8
370000,-81,1590520089273,24
370000,-71,1590520089292,22
370000,-94,1590520089325,20
370000,-80,1590520089362,8
370000,-82,1590520089366,24
370000,-70,1590520089395,22
370000,-82,1590520089468,24
370000,-76,1590520089471,8
370000,-71,1590520089507,22
370000,-81,1590520089572,24
370000,-80,1590520089583,8
370000,-67,1590520089624,22
370000,-97,1590520089646,20
370000,-82,1590520089672,24
370000,-78,1590520089694,8
370000,-70,1590520089715,22
370000,-94,1590520089739,20
370000,-80,1590520089787,8
370000,-67,1590520089829,22
370000,-81,1590520089882,24
370000,-81,1590520089915,8
370000,-67,1590520089943,22
370000,-95,1590520089946,20
370000,-81,1590520089989,24
370000,-80,1590520090014,8
370000,-70,1590520090031,22
370000,-81,1590520090099,24
370000,-76,1590520090116,8
370000,-67,1590520090133,22
370000,-82,1590520090208,24
370000,-80,1590520090223,8
370000,-70,1590520090263,22
370000,-95,1590520090266,19
370000,-82,1590520090309,24
370000,-80,1590520090332,8
370000,-70,1590520090347,22
370000,-81,1590520090418,24
370000,-70,1590520090467,22
370000,-81,1590520090525,24
370000,-81,1590520090528,8
370000,-95,1590520090550,1
370000,-70,1590520090564,22
370000,-81,1590520090647,24
370000,-80,1590520090658,8
370000,-67,1590520090689,22
370000,-82,1590520090727,24
370000,-81,1590520090732,8
370000,-97,1590520090770,1
370000,-70,1590520090791,22
370000,-96,1590520090795,19
370000,-94,1590520090800,20
370000,-81,1590520090828,24
370000,-81,1590520090860,8
370000,-70,1590520090892,22
370000,-94,1590520090899,20
370000,-82,1590520090930,24
370000,-81,1590520090957,8
370000,-71,1590520090990,22
370000,-97,1590520091072,1
370000,-71,1590520091098,22
370000,-82,1590520091161,24
370000,-82,1590520091166,8
370000,-95,1590520091197,1
370000,-71,1590520091202,22
370000,-94,1590520091225,20
370000,-81,1590520091260,24
370000,-76,1590520091265,8
370000,-95,1590520091302,1
370000,-70,1590520091306,22
370000,-93,1590520091328,20
370000,-81,1590520091362,8
370000,-96,1590520091404,1
370000,-67,1590520091438,22
370000,-94,1590520091441,20
370000,-81,1590520091461,8
370000,-81,1590520091468,24
370000,-94,1590520091497,1
370000,-71,1590520091529,22
370000,-95,1590520091536,20
370000,-80,1590520091566,8
370000,-82,1590520091572,24
370000,-94,1590520091605,1
370000,-67,1590520091630,22
370000,-94,1590520091634,20
370000,-81,1590520091666,8
370000,-82,1590520091697,24
370000,-95,1590520091731,1
370000,-71,1590520091745,22
370000,-95,1590520091752,20
370000,-80,1590520091799,8
370000,-81,1590520091803,24
370000,-94,1590520091833,1
370000,-67,1590520091838,22
370000,-80,1590520091881,8
370000,-81,1590520091917,24
370000,-94,1590520091926,1
370000,-70,1590520091951,22
370000,-81,1590520091992,8
370000,-81,1590520091996,24
370000,-94,1590520092022,1
370000,-67,1590520092052,22
370000,-82,1590520092095,24
370000,-99,1590520092119,1
370000,-70,1590520092157,22
370000,-67,1590520092256,22
370000,-96,1590520092270,20
370000,-81,1590520092302,24
370000,-80,1590520092335,8
370000,-67,1590520092364,22
370000,-94,1590520092369,20
370000,-81,1590520092419,24
370000,-80,1590520092428,8
370000,-94,1590520092446,1
370000,-71,1590520092469,22
370000,-95,1590520092474,20
370000,-82,1590520092510,24
370000,-76,1590520092520,8
370000,-95,1590520092550,1
370000,-71,1590520092572,22
370000,-96,1590520092582,20
370000,-97,1590520092661,1
370000,-71,1590520092668,22
370000,-80,1590520092732,8
370000,-81,1590520092736,24
370000,-71,1590520092776,22
370000,-94,1590520092807,20
370000,-76,1590520092847,8
370000,-82,1590520092853,24
370000,-67,1590520092879,22
370000,-82,1590520092951,24
370000,-70,1590520092981,22
370000,-94,1590520093002,20
370000,-80,1590520093028,8
370000,-67,1590520093084,22
370000,-76,1590520093131,8
370000,-81,1590520093156,24
370000,-97,1590520093184,1
370000,-67,1590520093213,22
370000,-95,1590520093220,20
370000,-81,1590520093251,8
370000,-81,1590520093259,24
370000,-71,1590520093297,22
370000,-94,1590520093327,20
370000,-76,1590520093360,8
370000,-82,1590520093373,24
370000,-96,1590520093396,1
370000,-70,1590520093428,22
370000,-80,1590520093471,8
370000,-81,1590520093475,24
370000,-94,1590520093497,1
370000,-71,1590520093533,22
370000,-94,1590520093538,20
370000,-80,1590520093566,8
370000,-81,1590520093587,24
370000,-94,1590520093612,1
370000,-94,1590520093634,20
370000,-80,1590520093667,8
370000,-81,1590520093690,24
370000,-95,1590520093721,1
370000,-71,1590520093746,22
370000,-95,1590520093750,20
370000,-80,1590520093776,8
370000,-82,1590520093796,24
370000,-67,1590520093832,22
370000,-96,1590520093866,20
370000,-81,1590520093902,8
370000,-81,1590520093907,24
370000,-71,1590520093943,22
370000,-94,1590520093958,20
370000,-80,1590520094000,8
370000,-82,1590520094007,24
370000,-71,1590520094042,22
370000,-93,1590520094049,20
370000,-78,1590520094096,8
370000,-79,1590520094099,24
370000,-66,1590520094143,22
370000,-78,1590520094220,8
370000,-76,1590520094225,24
370000,-95,1590520094254,19
370000,-66,1590520094259,22
370000,-78,1590520094327,8
370000,-79,1590520094333,24
370000,-92,1590520094351,19
370000,-64,1590520094366,22
370000,-78,1590520094397,8
370000,-80,1590520094401,24
370000,-95,1590520094452,19
370000,-66,1590520094473,22
370000,-79,1590520094511,24
370000,-79,1590520094514,8
370000,-66,1590520094577,22
370000,-79,1590520094608,8
370000,-95,1590520094668,19
370000,-64,1590520094696,22
370000,-76,1590520094730,24
370000,-79,1590520094734,8
370000,-95,1590520094772,19
370000,-66,1590520094806,22
370000,-78,1590520094820,8
370000,-79,1590520094823,24
370000,-94,1590520094874,19
370000,-76,1590520094914,8
370000,-80,1590520094936,24
370000,-98,1590520094977,19
370000,-64,1590520095013,22
370000,-76,1590520095041,8
370000,-76,1590520095050,24
370000,-64,1590520095094,22
370000,-79,1590520095127,8
370000,-76,1590520095162,24
370000,-95,1590520095202,19
370000,-66,1590520095205,22
370000,-79,1590520095235,8
370000,-76,1590520095259,24
370000,-95,1590520095291,19
370000,-64,1590520095333,22
370000,-79,1590520095343,8
370000,-80,1590520095370,24
370000,-93,1590520095401,19
370000,-66,1590520095430,22
370000,-79,1590520095442,8
370000,-80,1590520095479,24
370000,-96,1590520095511,19
370000,-64,1590520095516,22
370000,-79,1590520095540,8
370000,-80,1590520095569,24
370000,-79,1590520095678,24
370000,-64,1590520095719,22
370000,-94,1590520095723,19
370000,-79,1590520095748,8
370000,-80,1590520095785,24
370000,-66,1590520095848,22
370000,-79,1590520095858,8
370000,-79,1590520095886,24
370000,-66,1590520095935,22
370000,-93,1590520095968,19
370000,-99,1590520095977,20
370000,-79,1590520095981,8
370000,-76,1590520096005,24
370000,-93,1590520096040,19
370000,-64,1590520096045,22
370000,-79,1590520096066,8
370000,-76,1590520096099,24
370000,-66,1590520096149,22
370000,-76,1590520096204,24
370000,-93,1590520096251,19
370000,-66,1590520096262,22
370000,-76,1590520096287,8
370000,-76,1590520096315,24
370000,-93,1590520096353,19
370000,-64,1590520096363,22
370000,-76,1590520096381,8
370000,-80,1590520096417,24
370000,-91,1590520096471,19
370000,-66,1590520096475,22
370000,-79,1590520096511,8
370000,-79,1590520096541,24
370000,-92,1590520096570,19
370000,-64,1590520096605,22
370000,-78,1590520096610,8
370000,-79,1590520096646,24
370000,-93,1590520096671,19
370000,-66,1590520096704,22
370000,-78,1590520096711,8
370000,-79,1590520096744,24
370000,-93,1590520096776,19
370000,-66,1590520096805,22
370000,-79,1590520096810,8
370000,-80,1590520096847,24
370000,-95,1590520096905,19
370000,-64,1590520096911,22
370000,-79,1590520096915,8
370000,-80,1590520096963,24
370000,-94,1590520097025,19
370000,-66,1590520097029,22
370000,-78,1590520097033,8
370000,-76,1590520097059,24
370000,-93,1590520097097,19
370000,-64,1590520097126,22
370000,-79,1590520097131,8
370000,-76,1590520097179,24
370000,-93,1590520097210,19
370000,-79,1590520097215,8
370000,-79,1590520097278,24
370000,-93,1590520097312,19
370000,-78,1590520097318,8
370000,-64,1590520097322,22
370000,-76,1590520097381,24
370000,-93,1590520097411,19
370000,-79,1590520097446,8
370000,-66,1590520097452,22
370000,-79,1590520097486,24
370000,-94,1590520097516,19
370000,-66,1590520097544,22
370000,-76,1590520097590,24
370000,-91,1590520097622,19
370000,-78,1590520097647,8
370000,-66,1590520097652,22
370000,-80,1590520097695,24
370000,-92,1590520097725,19
370000,-66,1590520097733,22
370000,-79,1590520097738,8
370000,-76,1590520097813,24
370000,-92,1590520097846,19
370000,-64,1590520097851,22
370000,-76,1590520097910,24
370000,-92,1590520097938,19
370000,-64,1590520097943,22
370000,-79,1590520097975,8
370000,-80,1590520098018,24
370000,-64,1590520098050,22
370000,-78,1590520098058,8
370000,-76,1590520098124,24
370000,-64,1590520098162,22
370000,-94,1590520098173,19
370000,-79,1590520098183,8
370000,-76,1590520098226,24
370000,-91,1590520098254,19
370000,-66,1590520098271,22
370000,-76,1590520098276,8
370000,-76,1590520098331,24
370000,-92,1590520098357,19
370000,-76,1590520098438,24
370000,-78,1590520098479,8
370000,-90,1590520098483,19
370000,-64,1590520098486,22
370000,-80,1590520098537,24
370000,-79,1590520098570,8
370000,-64,1590520098614,22
370000,-76,1590520098643,24
370000,-79,1590520098681,8
370000,-90,1590520098691,19
370000,-64,1590520098695,22
370000,-78,1590520098776,8
370000,-93,1590520098826,19
370000,-66,1590520098833,22
370000,-76,1590520098859,24
370000,-76,1590520098882,8
370000,-66,1590520098899,22
370000,-76,1590520098959,24
370000,-79,1590520098985,8
370000,-92,1590520099007,19
370000,-76,1590520099077,24
370000,-83,1590520099107,8
370000,-74,1590520099167,24
370000,-79,1590520099191,8
370000,-76,1590520099209,22
370000,-94,1590520099215,19
370000,-74,1590520099270,24
370000,-83,1590520099293,8
370000,-76,1590520099327,22
370000,-74,1590520099372,24
370000,-79,1590520099430,8
370000,-76,1590520099435,22
370000,-74,1590520099478,24
370000,-84,1590520099517,8
370000,-76,1590520099536,22
370000,-93,1590520099544,19
370000,-74,1590520099590,24
370000,-84,1590520099608,8
370000,-76,1590520099632,22
370000,-92,1590520099660,19
370000,-75,1590520099689,24
370000,-78,1590520099714,8
370000,-76,1590520099736,22
370000,-74,1590520099797,24
370000,-83,1590520099829,8
370000,-75,1590520099850,22
370000,-75,1590520099904,24
370000,-84,1590520099931,8
370000,-76,1590520099966,22
370000,-93,1590520099972,19
370000,-75,1590520100061,22
370000,-74,1590520100137,24
370000,-79,1590520100139,8
370000,-76,1590520100164,22
370000,-93,1590520100189,19
370000,-75,1590520100237,24
370000,-84,1590520100243,8
370000,-77,1590520100277,22
370000,-93,1590520100302,19
370000,-83,1590520100337,8
370000,-77,1590520100384,22
370000,-74,1590520100435,24
370000,-75,1590520100478,22
370000,-93,1590520100483,19
370000,-75,1590520100583,24
370000,-83,1590520100593,8
370000,-76,1590520100596,22
370000,-75,1590520100643,24
370000,-79,1590520100666,8
370000,-76,1590520100689,22
370000,-82,1590520100747,8
370000,-74,1590520100750,24
370000,-76,1590520100793,22
370000,-94,1590520100819,19
370000,-75,1590520100854,24
370000,-76,1590520100909,22
370000,-79,1590520100953,8
370000,-74,1590520100971,24
370000,-94,1590520101046,19
370000,-79,1590520101092,8
370000,-75,1590520101096,24
370000,-76,1590520101123,22
370000,-96,1590520101128,19
370000,-83,1590520101164,8
370000,-74,1590520101194,24
370000,-76,1590520101225,22
370000,-95,1590520101231,19
370000,-84,1590520101274,8
370000,-74,1590520101309,24
370000,-76,1590520101343,22
370000,-96,1590520101348,20
370000,-83,1590520101382,8
370000,-75,1590520101390,24
370000,-76,1590520101427,22
370000,-74,1590520101489,24
370000,-83,1590520101492,8
370000,-76,1590520101525,22
370000,-75,1590520101595,24
370000,-76,1590520101626,22
370000,-95,1590520101642,19
370000,-74,1590520101700,24
370000,-84,1590520101724,8
370000,-76,1590520101746,22
370000,-75,1590520101801,24
370000,-83,1590520101832,8
370000,-76,1590520101841,22
370000,-94,1590520101876,19
370000,-75,1590520101906,24
370000,-83,1590520101931,8
370000,-75,1590520101964,22
370000,-75,1590520102008,24
370000,-82,1590520102033,8
370000,-76,1590520102073,22
370000,-92,1590520102079,19
370000,-94,1590520102083,20
370000,-74,1590520102116,24
370000,-83,1590520102154,8
370000,-76,1590520102160,22
370000,-93,1590520102184,19
370000,-75,1590520102252,24
370000,-79,1590520102259,8
370000,-76,1590520102263,22
370000,-92,1590520102287,19
370000,-74,1590520102353,24
370000,-83,1590520102358,8
370000,-76,1590520102391,22
370000,-93,1590520102394,19
370000,-74,1590520102439,24
370000,-83,1590520102469,8
370000,-76,1590520102477,22
370000,-95,1590520102506,19
370000,-96,1590520102511,20
370000,-75,1590520102547,24
370000,-83,1590520102553,8
370000,-93,1590520102593,19
370000,-74,1590520102645,24
370000,-79,1590520102671,8
370000,-77,1590520102729,22
370000,-94,1590520102733,19
370000,-74,1590520102754,24
370000,-83,1590520102789,8
370000,-76,1590520102792,22
370000,-93,1590520102811,19
370000,-74,1590520102876,24
370000,-83,1590520102881,8
370000,-75,1590520102907,22
370000,-93,1590520102911,19
370000,-75,1590520102965,24
370000,-79,1590520103024,8
370000,-76,1590520103033,22
370000,-94,1590520103041,19
370000,-75,1590520103064,24
370000,-84,1590520103085,8
370000,-76,1590520103105,22
370000,-99,1590520103122,20
370000,-94,1590520103127,19
370000,-75,1590520103170,24
370000,-84,1590520103194,8
370000,-75,1590520103198,22
370000,-74,1590520103272,24
370000,-83,1590520103307,8
370000,-76,1590520103336,22
370000,-93,1590520103341,19
370000,-74,1590520103375,24
370000,-83,1590520103413,8
370000,-77,1590520103418,22
370000,-96,1590520103443,20
370000,-75,1590520103494,24
370000,-83,1590520103498,8
370000,-75,1590520103525,22
370000,-91,1590520103547,19
370000,-75,1590520103582,24
370000,-83,1590520103611,8
370000,-75,1590520103633,22
370000,-90,1590520103662,19
370000,-75,1590520103712,24
370000,-79,1590520103717,8
370000,-76,1590520103739,22
370000,-94,1590520103744,19
370000,-75,1590520103790,24
370000,-84,1590520103813,8
370000,-76,1590520103831,22
370000,-74,1590520103892,24
370000,-83,1590520103917,8
370000,-76,1590520103963,22
370000,-92,1590520103973,19
370000,-75,1590520104000,24
370000,-83,1590520104013,8
370000,-75,1590520104041,22
370000,-90,1590520104060,19
370000,-81,1590520104095,24
370000,-80,1590520104109,8
370000,-67,1590520104143,22
370000,-94,1590520104179,1
370000,-76,1590520104207,8
370000,-71,1590520104249,22
370000,-95,1590520104284,1
370000,-82,1590520104309,24
370000,-81,1590520104337,8
370000,-67,1590520104370,22
370000,-98,1590520104374,20
370000,-96,1590520104406,1
370000,-81,1590520104437,24
370000,-80,1590520104443,8
370000,-71,1590520104477,22
370000,-94,1590520104506,1
370000,-82,1590520104537,24
370000,-80,1590520104542,8
370000,-70,1590520104576,22
370000,-93,1590520104603,20
370000,-82,1590520104620,24
370000,-81,1590520104653,8
370000,-71,1590520104682,22
370000,-95,1590520104707,20
370000,-94,1590520104711,1
370000,-82,1590520104738,24
370000,-80,1590520104742,8
370000,-70,1590520104776,22
370000,-95,1590520104826,1
370000,-81,1590520104846,24
370000,-76,1590520104851,8
370000,-70,1590520104878,22
370000,-94,1590520104906,20
370000,-94,1590520104946,1
370000,-83,1590520104950,24
370000,-67,1590520104990,22
370000,-96,1590520105023,20
370000,-95,1590520105029,1
370000,-82,1590520105061,24
370000,-80,1590520105067,8
370000,-70,1590520105095,22
370000,-96,1590520105129,20
370000,-76,1590520105158,8
370000,-70,1590520105208,22
370000,-95,1590520105226,20
370000,-94,1590520105231,1
370000,-82,1590520105259,24
370000,-80,1590520105295,8
370000,-67,1590520105305,22
370000,-96,1590520105333,20
370000,-81,1590520105360,24
370000,-80,1590520105364,8
370000,-70,1590520105412,22
370000,-96,1590520105457,1
370000,-81,1590520105460,24
370000,-76,1590520105485,8
370000,-71,1590520105515,22
370000,-96,1590520105544,20
370000,-82,1590520105562,24
370000,-76,1590520105595,8
370000,-71,1590520105618,22
370000,-96,1590520105651,1
370000,-80,1590520105686,8
370000,-67,1590520105719,22
370000,-94,1590520105754,1
370000,-82,1590520105782,24
370000,-81,1590520105819,8
370000,-70,1590520105823,22
370000,-97,1590520105847,20
370000,-95,1590520105885,1
370000,-81,1590520105893,24
370000,-80,1590520105922,8
370000,-71,1590520105928,22
370000,-96,1590520105948,20
370000,-95,1590520105965,1
370000,-81,1590520106003,24
370000,-81,1590520106013,8
370000,-70,1590520106035,22
370000,-97,1590520106067,20
370000,-93,1590520106103,1
370000,-82,1590520106117,24
370000,-80,1590520106121,8
370000,-98,1590520106142,19
370000,-67,1590520106166,22
370000,-93,1590520106184,1
370000,-82,1590520106220,24
370000,-80,1590520106230,8
370000,-70,1590520106254,22
370000,-99,1590520106284,20
370000,-93,1590520106289,1
370000,-81,1590520106311,24
370000,-80,1590520106338,8
370000,-71,1590520106352,22
370000,-96,1590520106383,20
370000,-95,1590520106389,1
370000,-80,1590520106430,8
370000,-71,1590520106459,22
370000,-98,1590520106489,20
370000,-97,1590520106494,1
370000,-82,1590520106523,24
370000,-81,1590520106561,8
370000,-70,1590520106587,22
370000,-95,1590520106593,20
370000,-96,1590520106625,1
370000,-81,1590520106629,24
370000,-80,1590520106653,8
370000,-71,1590520106673,22
370000,-95,1590520106706,1
370000,-81,1590520106739,24
370000,-80,1590520106772,8
370000,-70,1590520106797,22
370000,-95,1590520106802,20
370000,-81,1590520106828,24
370000,-80,1590520106856,8
370000,-70,1590520106885,22
370000,-94,1590520106914,1
370000,-81,1590520106944,24
370000,-80,1590520106974,8
370000,-70,1590520107007,22
370000,-97,1590520107025,1
370000,-82,1590520107058,24
370000,-80,1590520107063,8
370000,-96,1590520107091,19
370000,-67,1590520107109,22
370000,-96,1590520107143,1
370000,-82,1590520107151,24
370000,-80,1590520107175,8
370000,-71,1590520107210,22
370000,-95,1590520107247,1
370000,-82,1590520107252,24
370000,-80,1590520107278,8
370000,-71,1590520107311,22
370000,-95,1590520107343,1
370000,-82,1590520107379,24
370000,-80,1590520107384,8
370000,-70,1590520107419,22
370000,-95,1590520107451,1
370000,-82,1590520107480,24
370000,-76,1590520107485,8
370000,-97,1590520107515,19
370000,-71,1590520107520,22
370000,-94,1590520107547,1
370000,-81,1590520107581,24
370000,-80,1590520107585,8
370000,-71,1590520107647,22
370000,-94,1590520107651,1
370000,-82,1590520107687,24
370000,-81,1590520107692,8
370000,-71,1590520107729,22
370000,-94,1590520107762,1
370000,-81,1590520107766,24
370000,-80,1590520107786,8
370000,-67,1590520107829,22
370000,-82,1590520107871,24
370000,-80,1590520107892,8
370000,-97,1590520107930,20
370000,-70,1590520107942,22
370000,-96,1590520107960,1
370000,-81,1590520107979,24
370000,-80,1590520108003,8
370000,-71,1590520108040,22
370000,-93,1590520108066,1
370000,-82,1590520108092,24
370000,-99,1590520108143,20
370000,-70,1590520108148,22
370000,-80,1590520108218,8
370000,-97,1590520108253,20
370000,-70,1590520108257,22
370000,-95,1590520108273,1
370000,-82,1590520108297,24
370000,-80,1590520108302,8
370000,-80,1590520108401,8
370000,-82,1590520108425,24
370000,-71,1590520108454,22
370000,-80,1590520108504,8
370000,-81,1590520108518,24
370000,-67,1590520108559,22
370000,-95,1590520108588,1
370000,-80,1590520108614,8
370000,-82,1590520108640,24
370000,-98,1590520108671,20
370000,-71,1590520108676,22
370000,-95,1590520108693,1
370000,-80,1590520108732,8
370000,-81,1590520108756,24
370000,-98,1590520108782,20
370000,-67,1590520108787,22
370000,-96,1590520108808,1
370000,-80,1590520108842,8
370000,-82,1590520108846,24
370000,-71,1590520108876,22
370000,-94,1590520108917,1
370000,-80,1590520108931,8
370000,-81,1590520108949,24
370000,-96,1590520108998,1
370000,-80,1590520109035,8
370000,-81,1590520109040,24
370000,-66,1590520109084,22
370000,-79,1590520109129,8
370000,-80,1590520109166,24
370000,-93,1590520109170,19
370000,-64,1590520109198,22
370000,-79,1590520109230,8
370000,-80,1590520109263,24
370000,-64,1590520109297,22
370000,-79,1590520109335,8
370000,-76,1590520109363,24
370000,-92,1590520109373,19
370000,-64,1590520109400,22
370000,-79,1590520109434,8
370000,-80,1590520109462,24
370000,-91,1590520109469,19
370000,-66,1590520109509,22
370000,-79,1590520109541,8
370000,-93,1590520109573,19
370000,-64,1590520109630,22
370000,-79,1590520109648,8
370000,-80,1590520109681,24
370000,-91,1590520109687,19
370000,-64,1590520109721,22
370000,-79,1590520109749,8
370000,-80,1590520109784,24
370000,-92,1590520109789,19
370000,-66,1590520109822,22
370000,-79,1590520109856,8
370000,-80,1590520109882,24
370000,-91,1590520109890,19
370000,-64,1590520109924,22
370000,-78,1590520109950,8
370000,-79,1590520109983,24
370000,-92,1590520110009,19
370000,-66,1590520110034,22
370000,-79,1590520110070,8
370000,-76,1590520110074,24
370000,-92,1590520110102,19
370000,-64,1590520110139,22
370000,-79,1590520110164,8
370000,-76,1590520110185,24
370000,-92,1590520110207,19
370000,-66,1590520110241,22
370000,-76,1590520110282,24
370000,-90,1590520110311,19
370000,-66,1590520110340,22
370000,-79,1590520110372,8
370000,-76,1590520110404,24
370000,-91,1590520110442,19
370000,-66,1590520110451,22
370000,-79,1590520110475,8
370000,-76,1590520110505,24
370000,-92,1590520110531,19
370000,-64,1590520110555,22
370000,-79,1590520110583,8
370000,-80,1590520110609,24
370000,-91,1590520110646,19
370000,-66,1590520110676,22
370000,-79,1590520110711,8
370000,-76,1590520110715,24
370000,-66,1590520110765,22
370000,-79,1590520110795,8
370000,-76,1590520110832,24
370000,-92,1590520110863,19
370000,-66,1590520110891,22
370000,-78,1590520110909,8
370000,-76,1590520110943,24
370000,-78,1590520111011,8
370000,-80,1590520111037,24
370000,-90,1590520111064,19
370000,-66,1590520111097,22
370000,-78,1590520111130,8
370000,-76,1590520111135,24
370000,-92,1590520111170,19
370000,-64,1590520111194,22
370000,-78,1590520111228,8
370000,-80,1590520111263,24
370000,-91,1590520111269,19
370000,-64,1590520111300,22
370000,-79,1590520111334,8
370000,-79,1590520111362,24
370000,-93,1590520111402,19
370000,-64,1590520111406,22
370000,-79,1590520111429,8
370000,-80,1590520111447,24
370000,-93,1590520111489,19
370000,-66,1590520111533,22
370000,-80,1590520111552,24
370000,-64,1590520111612,22
370000,-79,1590520111631,8
370000,-80,1590520111656,24
370000,-92,1590520111686,19
370000,-64,1590520111713,22
370000,-76,1590520111743,8
370000,-80,1590520111765,24
370000,-92,1590520111816,19
370000,-66,1590520111820,22
370000,-79,1590520111845,8
370000,-76,1590520111869,24
370000,-64,1590520111936,22
370000,-79,1590520111940,8
370000,-80,1590520111978,24
370000,-91,1590520112010,19
370000,-66,1590520112035,22
370000,-79,1590520112070,8
370000,-80,1590520112104,24
370000,-91,1590520112138,19
370000,-66,1590520112143,22
370000,-79,1590520112169,8
370000,-80,1590520112194,24
370000,-92,1590520112228,19
370000,-64,1590520112254,22
370000,-79,1590520112287,8
370000,-79,1590520112298,24
370000,-94,1590520112354,19
370000,-64,1590520112361,22
370000,-76,1590520112388,8
370000,-78,1590520112423,24
370000,-91,1590520112456,19
370000,-66,1590520112460,22
370000,-79,1590520112493,8
370000,-76,1590520112525,24
370000,-93,1590520112562,19
370000,-64,1590520112570,22
370000,-79,1590520112596,8
370000,-80,1590520112625,24
370000,-94,1590520112663,19
370000,-66,1590520112668,22
370000,-76,1590520112691,8
370000,-80,1590520112731,24
370000,-91,1590520112757,19
370000,-66,1590520112791,22
370000,-79,1590520112796,8
370000,-91,1590520112849,19
370000,-64,1590520112875,22
370000,-78,1590520112910,8
370000,-76,1590520112915,24
370000,-91,1590520112963,19
370000,-64,1590520112988,22
370000,-79,1590520112992,8
370000,-80,1590520113016,24
370000,-91,1590520113061,19
370000,-64,1590520113094,22
370000,-79,1590520113098,8
370000,-80,1590520113123,24
370000,-90,1590520113168,19
370000,-64,1590520113195,22
370000,-79,1590520113200,8
370000,-76,1590520113231,24
370000,-93,1590520113297,19
370000,-64,1590520113301,22
370000,-80,1590520113309,8
370000,-76,1590520113333,24
370000,-66,1590520113389,22
370000,-79,1590520113417,8
370000,-80,1590520113448,24
370000,-92,1590520113487,19
370000,-66,1590520113514,22
370000,-76,1590520113519,8
370000,-80,1590520113551,24
370000,-92,1590520113593,19
370000,-76,1590520113646,24
370000,-92,1590520113702,19
370000,-64,1590520113709,22
370000,-79,1590520113747,8
370000,-79,1590520113757,24
370000,-66,1590520113822,22
370000,-78,1590520113828,8
370000,-94,1590520113832,19
370000,-79,1590520113856,24
370000,-92,1590520113922,19
370000,-76,1590520113961,24
370000,-66,1590520114020,22
370000,-79,1590520114024,8
370000,-76,1590520114063,24
370000,-76,1590520114122,22
370000,-83,1590520114128,8
370000,-93,1590520114132,19
370000,-75,1590520114173,24
370000,-92,1590520114225,19
370000,-74,1590520114284,24
370000,-91,1590520114338,19
370000,-75,1590520114387,24
370000,-76,1590520114428,22
370000,-93,1590520114455,19
370000,-92,1590520114534,19
370000,-77,1590520114539,22
370000,-74,1590520114605,24
370000,-83,1590520114640,8
370000,-75,1590520114644,22
370000,-74,1590520114702,24
370000,-76,1590520114758,22
370000,-92,1590520114763,19
370000,-75,1590520114810,24
370000,-76,1590520114849,22
370000,-79,1590520114856,8
370000,-92,1590520114861,19
370000,-75,1590520114918,24
370000,-92,1590520114952,19
370000,-75,1590520115023,24
370000,-76,1590520115075,22
370000,-74,1590520115134,24
370000,-94,1590520115160,19
370000,-75,1590520115247,24
370000,-77,1590520115281,22
370000,-84,1590520115289,8
370000,-94,1590520115293,19
370000,-98,1590520115297,20
370000,-75,1590520115342,24
370000,-75,1590520115450,24
370000,-76,1590520115480,22
370000,-91,1590520115486,19
370000,-74,1590520115551,24
370000,-76,1590520115586,22
370000,-84,1590520115603,8
370000,-74,1590520115662,24
370000,-77,1590520115695,22
370000,-83,1590520115700,8
370000,-75,1590520115762,24
370000,-76,1590520115791,22
370000,-79,1590520115819,8
370000,-75,1590520115869,24
370000,-75,1590520115927,22
370000,-92,1590520115935,19
370000,-79,1590520115942,8
370000,-75,1590520115976,24
370000,-76,1590520116006,22
370000,-83,1590520116038,8
370000,-75,1590520116104,24
370000,-76,1590520116144,22
370000,-95,1590520116152,19
370000,-75,1590520116187,24
370000,-77,1590520116212,22
370000,-84,1590520116232,8
370000,-75,1590520116283,24
370000,-75,1590520116315,22
370000,-92,1590520116337,19
370000,-83,1590520116339,8
370000,-74,1590520116389,24
370000,-76,1590520116424,22
370000,-93,1590520116431,19
370000,-84,1590520116467,8
370000,-74,1590520116506,24
370000,-77,1590520116531,22
370000,-91,1590520116536,19
370000,-83,1590520116562,8
370000,-75,1590520116594,24
370000,-76,1590520116633,22
370000,-93,1590520116638,19
370000,-75,1590520116711,24
370000,-75,1590520116746,22
370000,-79,1590520116753,8
370000,-99,1590520116757,20
370000,-74,1590520116801,24
370000,-75,1590520116840,22
370000,-91,1590520116851,19
370000,-82,1590520116859,8
370000,-75,1590520116908,24
370000,-76,1590520116944,22
370000,-91,1590520116952,19
370000,-79,1590520116981,8
370000,-75,1590520117012,24
370000,-77,1590520117045,22
370000,-91,1590520117053,19
370000,-83,1590520117080,8
370000,-74,1590520117114,24
370000,-76,1590520117152,22
370000,-90,1590520117179,19
370000,-79,1590520117184,8
370000,-95,1590520117190,20
370000,-74,1590520117222,24
370000,-76,1590520117254,22
370000,-90,1590520117279,19
370000,-84,1590520117285,8
370000,-75,1590520117321,24
370000,-75,1590520117383,22
370000,-90,1590520117389,19
370000,-75,1590520117423,24
370000,-77,1590520117461,22
370000,-93,1590520117484,19
370000,-83,1590520117491,8
370000,-76,1590520117530,24
370000,-76,1590520117568,22
370000,-83,1590520117600,8
370000,-74,1590520117642,24
370000,-76,1590520117682,22
370000,-83,1590520117687,8
370000,-93,1590520117691,19
370000,-74,1590520117745,24
370000,-76,1590520117772,22
370000,-83,1590520117801,8
370000,-93,1590520117805,19
370000,-75,1590520117873,24
370000,-76,1590520117902,22
370000,-95,1590520117906,19
370000,-74,1590520117955,24
370000,-76,1590520118007,22
370000,-94,1590520118011,19
370000,-83,1590520118021,8
370000,-74,1590520118070,24
370000,-76,1590520118087,22
370000,-93,1590520118094,19
370000,-75,1590520118168,24
370000,-75,1590520118189,22
370000,-95,1590520118222,19
370000,-74,1590520118271,24
370000,-76,1590520118293,22
370000,-84,1590520118325,8
370000,-94,1590520118330,19
370000,-75,1590520118375,24
370000,-76,1590520118409,22
370000,-84,1590520118415,8
370000,-75,1590520118480,24
370000,-76,1590520118534,22
370000,-85,1590520118537,8
370000,-94,1590520118541,19
370000,-75,1590520118579,24
370000,-76,1590520118609,22
370000,-83,1590520118644,8
370000,-93,1590520118649,19
370000,-75,1590520118681,24
370000,-76,1590520118722,22
370000,-83,1590520118732,8
370000,-94,1590520118749,19
370000,-75,1590520118789,24
370000,-75,1590520118817,22
370000,-84,1590520118821,8
370000,-94,1590520118846,19
370000,-75,1590520118898,24
370000,-76,1590520118929,22
370000,-85,1590520118934,8
370000,-92,1590520118965,19
370000,-75,1590520119002,24
370000,-76,1590520119037,22
370000,-92,1590520119062,19
370000,-82,1590520119132,24
370000,-70,1590520119140,22
370000,-80,1590520119144,8
370000,-93,1590520119168,1
370000,-70,1590520119237,22
370000,-80,1590520119265,8
370000,-99,1590520119269,1
370000,-94,1590520119272,20
370000,-81,1590520119342,24
370000,-71,1590520119359,22
370000,-80,1590520119365,8
370000,-93,1590520119389,1
370000,-94,1590520119394,20
370000,-82,1590520119450,24
370000,-70,1590520119457,22
370000,-80,1590520119483,8
370000,-95,1590520119488,20
370000,-95,1590520119495,1
370000,-82,1590520119552,24
370000,-70,1590520119560,22
370000,-80,1590520119564,8
370000,-96,1590520119585,20
370000,-97,1590520119590,1
370000,-82,1590520119653,24
370000,-81,1590520119660,8
370000,-93,1590520119686,20
370000,-95,1590520119691,1
370000,-71,1590520119773,22
370000,-81,1590520119777,24
370000,-80,1590520119781,8
370000,-94,1590520119786,20
370000,-70,1590520119875,22
370000,-80,1590520119879,8
370000,-82,1590520119883,24
370000,-95,1590520119886,20
370000,-95,1590520119906,1
370000,-80,1590520119976,8
370000,-82,1590520119984,24
370000,-97,1590520119988,20
370000,-95,1590520120004,1
370000,-80,1590520120073,8
370000,-80,1590520120078,24
370000,-98,1590520120114,20
370000,-94,1590520120120,1
370000,-80,1590520120178,8
370000,-70,1590520120206,22
370000,-82,1590520120210,24
370000,-95,1590520120214,1
370000,-81,1590520120295,8
370000,-67,1590520120300,22
370000,-81,1590520120304,24
370000,-80,1590520120403,8
370000,-71,1590520120415,22
370000,-82,1590520120425,24
370000,-97,1590520120443,20
370000,-96,1590520120447,1
370000,-80,1590520120596,8
370000,-70,1590520120626,22
370000,-98,1590520120630,20
370000,-81,1590520120634,24
370000,-94,1590520120637,1
370000,-67,1590520120711,22
370000,-82,1590520120746,24
370000,-95,1590520120751,1
370000,-80,1590520120811,8
370000,-70,1590520120815,22
370000,-81,1590520120833,24
370000,-95,1590520120861,1
370000,-80,1590520120911,8
370000,-71,1590520120916,22
370000,-81,1590520120934,24
370000,-96,1590520120961,1
370000,-80,1590520121013,8
370000,-71,1590520121019,22
370000,-98,1590520121051,20
370000,-81,1590520121055,24
370000,-81,1590520121125,8
370000,-67,1590520121130,22
370000,-82,1590520121152,24
370000,-81,1590520121217,8
370000,-70,1590520121248,22
370000,-81,1590520121257,24
370000,-93,1590520121286,1
370000,-80,1590520121348,8
370000,-70,1590520121353,22
370000,-95,1590520121357,20
370000,-81,1590520121361,24
370000,-95,1590520121379,1
370000,-80,1590520121444,8
370000,-71,1590520121468,22
370000,-81,1590520121474,24
370000,-95,1590520121478,1
370000,-80,1590520121540,8
370000,-71,1590520121567,22
370000,-80,1590520121642,8
370000,-81,1590520121668,24
370000,-94,1590520121701,1
370000,-80,1590520121760,8
370000,-70,1590520121764,22
370000,-96,1590520121789,1
370000,-80,1590520121850,8
370000,-81,1590520121872,24
370000,-94,1590520121905,1
370000,-67,1590520121977,22
370000,-81,1590520121985,24
370000,-80,1590520122059,8
370000,-70,1590520122093,22
370000,-96,1590520122099,20
370000,-95,1590520122129,1
370000,-80,1590520122192,8
370000,-71,1590520122199,22
370000,-81,1590520122202,24
370000,-95,1590520122227,1
370000,-76,1590520122268,8
370000,-67,1590520122290,22
370000,-97,1590520122296,20
370000,-81,1590520122301,24
370000,-95,1590520122325,1
370000,-80,1590520122380,8
370000,-67,1590520122384,22
370000,-82,1590520122409,24
370000,-94,1590520122442,1
370000,-81,1590520122479,8
370000,-70,1590520122485,22
370000,-97,1590520122511,20
370000,-82,1590520122516,24
370000,-80,1590520122580,8
370000,-70,1590520122586,22
370000,-82,1590520122610,24
370000,-80,1590520122683,8
370000,-67,1590520122711,22
370000,-82,1590520122748,24
370000,-81,1590520122792,8
370000,-70,1590520122797,22
370000,-95,1590520122822,20
370000,-81,1590520122827,24
370000,-94,1590520122847,1
370000,-80,1590520122892,8
370000,-67,1590520122915,22
370000,-93,1590520122921,20
370000,-81,1590520122948,24
370000,-95,1590520122952,1
370000,-80,1590520123015,8
370000,-71,1590520123022,22
370000,-94,1590520123047,20
370000,-81,1590520123052,24
370000,-80,1590520123114,8
370000,-67,1590520123119,22
370000,-81,1590520123142,24
370000,-80,1590520123200,8
370000,-95,1590520123229,20
370000,-82,1590520123243,24
370000,-95,1590520123262,1
370000,-76,1590520123310,8
370000,-67,1590520123327,22
370000,-81,1590520123350,24
370000,-80,1590520123422,8
370000,-71,1590520123427,22
370000,-95,1590520123450,19
370000,-81,1590520123454,24
370000,-95,1590520123473,1
370000,-80,1590520123542,8
370000,-70,1590520123550,22
370000,-96,1590520123559,20
370000,-82,1590520123580,24
370000,-98,1590520123585,1
370000,-96,1590520123648,20
370000,-82,1590520123672,24
370000,-94,1590520123680,1
370000,-80,1590520123752,8
370000,-71,1590520123758,22
370000,-96,1590520123778,20
370000,-81,1590520123782,24
370000,-94,1590520123803,1
370000,-71,1590520123843,22
370000,-96,1590520123871,20
370000,-98,1590520123894,1
370000,-71,1590520123947,22
370000,-80,1590520123951,8
370000,-99,1590520123976,19
370000,-81,1590520123981,24
370000,-95,1590520124015,1
370000,-67,1590520124047,22
370000,-80,1590520124077,8
370000,-97,1590520124081,20
370000,-82,1590520124085,24
370000,-64,1590520124141,22
370000,-78,1590520124176,8
370000,-93,1590520124182,19
370000,-76,1590520124188,24
370000,-64,1590520124243,22
370000,-76,1590520124277,8
370000,-90,1590520124282,19
370000,-76,1590520124312,24
370000,-79,1590520124362,8
370000,-91,1590520124398,19
370000,-76,1590520124403,24
370000,-66,1590520124461,22
370000,-78,1590520124466,8
370000,-92,1590520124495,19
370000,-80,1590520124500,24
370000,-79,1590520124568,8
370000,-92,1590520124595,19
370000,-76,1590520124600,24
370000,-66,1590520124663,22
370000,-79,1590520124667,8
370000,-92,1590520124696,19
370000,-76,1590520124700,24
370000,-64,1590520124764,22
370000,-79,1590520124812,8
370000,-91,1590520124820,19
370000,-76,1590520124828,24
370000,-64,1590520124884,22
370000,-79,1590520124889,8
370000,-93,1590520124915,19
370000,-76,1590520124920,24
370000,-66,1590520124974,22
370000,-79,1590520124997,8
370000,-90,1590520125031,19
370000,-79,1590520125041,24
370000,-64,1590520125098,22
370000,-79,1590520125102,8
370000,-92,1590520125126,19
370000,-76,1590520125131,24
370000,-66,1590520125204,22
370000,-79,1590520125208,8
370000,-80,1590520125235,24
370000,-64,1590520125303,22
370000,-76,1590520125310,8
370000,-90,1590520125334,19
370000,-79,1590520125367,24
370000,-66,1590520125392,22
370000,-79,1590520125420,8
370000,-92,1590520125425,19
370000,-79,1590520125454,24
370000,-66,1590520125522,22
370000,-79,1590520125529,8
370000,-93,1590520125532,19
370000,-79,1590520125554,24
370000,-93,1590520125656,19
370000,-76,1590520125667,24
370000,-64,1590520125721,22
370000,-76,1590520125726,8
370000,-92,1590520125753,19
370000,-76,1590520125772,24
370000,-64,1590520125841,22
370000,-92,1590520125852,19
370000,-79,1590520125880,24
370000,-64,1590520125924,22
370000,-78,1590520125951,8
370000,-91,1590520125953,19
370000,-80,1590520125981,24
370000,-66,1590520126031,22
370000,-79,1590520126060,8
370000,-92,1590520126064,19
370000,-76,1590520126091,24
370000,-66,1590520126157,22
370000,-79,1590520126162,8
370000,-76,1590520126200,24
370000,-64,1590520126261,22
370000,-76,1590520126265,8
370000,-93,1590520126292,19
370000,-76,1590520126315,24
370000,-64,1590520126372,22
370000,-96,1590520126395,19
370000,-76,1590520126415,24
370000,-64,1590520126458,22
370000,-78,1590520126464,8
370000,-80,1590520126520,24
370000,-66,1590520126580,22
370000,-79,1590520126586,8
370000,-76,1590520126622,24
370000,-66,1590520126669,22
370000,-76,1590520126678,8
370000,-79,1590520126737,24
370000,-64,1590520126770,22
370000,-79,1590520126800,8
370000,-92,1590520126807,19
370000,-66,1590520126877,22
370000,-91,1590520126910,19
370000,-76,1590520126942,24
370000,-66,1590520127002,22
370000,-79,1590520127007,8
370000,-93,1590520127036,19
370000,-64,1590520127115,22
370000,-91,1590520127122,19
370000,-79,1590520127218,8
370000,-64,1590520127223,22
370000,-90,1590520127251,19
370000,-76,1590520127262,24
370000,-79,1590520127322,8
370000,-66,1590520127328,22
370000,-92,1590520127356,19
370000,-76,1590520127367,24
370000,-79,1590520127414,8
370000,-66,1590520127418,22
370000,-90,1590520127438,19
370000,-79,1590520127474,24
370000,-78,1590520127516,8
370000,-66,1590520127521,22
370000,-76,1590520127571,24
370000,-79,1590520127618,8
370000,-66,1590520127676,22
370000,-91,1590520127683,19
370000,-80,1590520127693,24
370000,-78,1590520127726,8
370000,-66,1590520127756,22
370000,-92,1590520127760,19
370000,-76,1590520127792,24
370000,-78,1590520127838,8
370000,-64,1590520127856,22
370000,-91,1590520127890,19
370000,-76,1590520127898,24
370000,-76,1590520127931,8
370000,-66,1590520127958,22
370000,-94,1590520127994,19
370000,-76,1590520128002,24
370000,-76,1590520128039,8
370000,-66,1590520128064,22
370000,-92,1590520128096,19
370000,-76,1590520128107,24
370000,-79,1590520128148,8
370000,-76,1590520128199,24
370000,-79,1590520128254,8
370000,-64,1590520128282,22
370000,-91,1590520128306,19
370000,-76,1590520128334,24
370000,-79,1590520128360,8
370000,-66,1590520128377,22
370000,-94,1590520128410,19
370000,-76,1590520128414,24
370000,-78,1590520128484,8
370000,-64,1590520128512,22
370000,-80,1590520128520,24
370000,-79,1590520128561,8
370000,-64,1590520128589,22
370000,-79,1590520128620,24
370000,-79,1590520128663,8
370000,-64,1590520128701,22
370000,-93,1590520128705,19
370000,-76,1590520128737,24
370000,-79,1590520128772,8
370000,-66,1590520128799,22
370000,-95,1590520128804,19
370000,-80,1590520128838,24
370000,-79,1590520128874,8
370000,-66,1590520128903,22
370000,-76,1590520128944,24
370000,-78,1590520129003,8
370000,-66,1590520129009,22
370000,-92,1590520129033,19
370000,-76,1590520129066,24
370000,-83,1590520129088,8
370000,-76,1590520129118,22
370000,-94,1590520129127,19
370000,-75,1590520129152,24
370000,-83,1590520129189,8
370000,-76,1590520129218,22
370000,-74,1590520129255,24
370000,-84,1590520129297,8
370000,-76,1590520129325,22
370000,-91,1590520129330,19
370000,-74,1590520129360,24
370000,-79,1590520129403,8
370000,-76,1590520129445,22
370000,-93,1590520129450,19
370000,-83,1590520129505,8
370000,-75,1590520129539,22
370000,-94,1590520129544,19
370000,-74,1590520129576,24
370000,-83,1590520129614,8
370000,-76,1590520129638,22
370000,-95,1590520129645,19
370000,-75,1590520129685,24
370000,-83,1590520129721,8
370000,-78,1590520129758,22
370000,-92,1590520129766,19
370000,-75,1590520129794,24
370000,-79,1590520129828,8
370000,-76,1590520129859,22
370000,-92,1590520129866,19
370000,-75,1590520129894,24
370000,-83,1590520129933,8
370000,-76,1590520129961,22
370000,-74,1590520130005,24
370000,-84,1590520130046,8
370000,-93,1590520130076,19
370000,-74,1590520130111,24
370000,-79,1590520130156,8
370000,-76,1590520130195,22
370000,-96,1590520130200,19
370000,-74,1590520130226,24
370000,-83,1590520130279,8
370000,-76,1590520130284,22
370000,-74,1590520130319,24
370000,-79,1590520130360,8
370000,-75,1590520130380,22
370000,-94,1590520130384,19
370000,-75,1590520130445,24
370000,-83,1590520130485,8
370000,-76,1590520130491,22
370000,-94,1590520130495,19
370000,-74,1590520130528,24
370000,-83,1590520130575,8
370000,-76,1590520130583,22
370000,-93,1590520130588,19
370000,-74,1590520130632,24
370000,-79,1590520130686,8
370000,-76,1590520130694,22
370000,-76,1590520130784,22
370000,-95,1590520130790,19
370000,-74,1590520130840,24
370000,-76,1590520130897,22
370000,-83,1590520130907,8
370000,-93,1590520130916,19
370000,-75,1590520130972,24
370000,-83,1590520131003,8
370000,-74,1590520131067,24
370000,-76,1590520131098,22
370000,-75,1590520131162,24
370000,-83,1590520131203,8
370000,-76,1590520131211,22
370000,-92,1590520131215,19
370000,-74,1590520131267,24
370000,-93,1590520131310,19
370000,-82,1590520131316,8
370000,-74,1590520131376,24
370000,-76,1590520131430,22
370000,-74,1590520131479,24
370000,-76,1590520131513,22
370000,-75,1590520131579,24
370000,-76,1590520131616,22
370000,-84,1590520131639,8
370000,-75,1590520131683,24
370000,-76,1590520131754,22
370000,-83,1590520131767,8
370000,-97,1590520131776,19
370000,-75,1590520131792,24
370000,-75,1590520131831,22
370000,-79,1590520131851,8
370000,-96,1590520131853,20
370000,-74,1590520131890,24
370000,-76,1590520131932,22
370000,-79,1590520131955,8
370000,-76,1590520132034,22
370000,-83,1590520132062,8
370000,-94,1590520132103,19
370000,-75,1590520132134,24
370000,-77,1590520132159,22
370000,-84,1590520132165,8
370000,-94,1590520132193,19
370000,-74,1590520132226,24
370000,-75,1590520132250,22
370000,-83,1590520132277,8
370000,-74,1590520132307,24
370000,-76,1590520132355,22
370000,-79,1590520132378,8
370000,-74,1590520132415,24
370000,-83,1590520132469,8
370000,-94,1590520132475,19
370000,-74,1590520132521,24
370000,-76,1590520132568,22
370000,-79,1590520132602,8
370000,-97,1590520132607,19
370000,-74,1590520132637,24
370000,-76,1590520132669,22
370000,-79,1590520132702,8
370000,-75,1590520132733,24
370000,-76,1590520132772,22
370000,-94,1590520132801,19
370000,-83,1590520132806,8
370000,-74,1590520132833,24
370000,-75,1590520132928,24
370000,-76,1590520132984,22
370000,-74,1590520133052,24
370000,-75,1590520133089,22
370000,-84,1590520133120,8
370000,-74,1590520133151,24
370000,-76,1590520133199,22
370000,-97,1590520133203,19
370000,-74,1590520133246,24
370000,-75,1590520133352,24
370000,-83,1590520133435,8
370000,-76,1590520133445,22
370000,-75,1590520133468,24
370000,-83,1590520133521,8
370000,-75,1590520133525,22
370000,-75,1590520133569,24
370000,-83,1590520133614,8
370000,-76,1590520133636,22
370000,-74,1590520133667,24
370000,-84,1590520133725,8
370000,-74,1590520133774,24
370000,-83,1590520133834,8
370000,-76,1590520133841,22
370000,-75,1590520133880,24
370000,-83,1590520133925,8
370000,-74,1590520133985,24
370000,-84,1590520134028,8
370000,-76,1590520134041,22
370000,-92,1590520134079,1
370000,-82,1590520134108,24
370000,-81,1590520134134,8
370000,-70,1590520134166,22
370000,-96,1590520134208,1
370000,-81,1590520134211,24
370000,-80,1590520134233,8
370000,-71,1590520134260,22
370000,-94,1590520134295,1
370000,-81,1590520134310,24
370000,-80,1590520134344,8
370000,-71,1590520134363,22
370000,-80,1590520134441,8
370000,-67,1590520134477,22
370000,-82,1590520134519,24
370000,-76,1590520134545,8
370000,-93,1590520134612,1
370000,-82,1590520134636,24
370000,-80,1590520134665,8
370000,-98,1590520134669,20
370000,-67,1590520134687,22
370000,-95,1590520134723,1
370000,-82,1590520134749,24
370000,-80,1590520134773,8
370000,-96,1590520134778,20
370000,-71,1590520134803,22
370000,-95,1590520134840,1
370000,-81,1590520134849,24
370000,-76,1590520134868,8
370000,-71,1590520134901,22
370000,-82,1590520134970,24
370000,-80,1590520134977,8
370000,-70,1590520135003,22
370000,-97,1590520135042,1
370000,-81,1590520135046,24
370000,-76,1590520135079,8
370000,-94,1590520135085,20
370000,-70,1590520135109,22
370000,-81,1590520135145,24
370000,-76,1590520135180,8
370000,-67,1590520135211,22
370000,-93,1590520135254,1
370000,-82,1590520135259,24
370000,-80,1590520135287,8
370000,-93,1590520135291,20
370000,-70,1590520135321,22
370000,-76,1590520135390,8
370000,-71,1590520135425,22
370000,-96,1590520135479,1
370000,-82,1590520135495,24
370000,-80,1590520135505,8
370000,-96,1590520135523,20
370000,-70,1590520135555,22
370000,-80,1590520135597,8
370000,-71,1590520135632,22
370000,-94,1590520135675,1
370000,-82,1590520135680,24
370000,-80,1590520135707,8
370000,-67,1590520135730,22
370000,-96,1590520135795,1
370000,-82,1590520135801,24
370000,-94,1590520135806,20
370000,-80,1590520135828,8
370000,-71,1590520135835,22
370000,-82,1590520135871,24
370000,-80,1590520135904,8
370000,-70,1590520135940,22
370000,-82,1590520135980,24
370000,-93,1590520136011,20
370000,-76,1590520136021,8
370000,-67,1590520136046,22
370000,-82,1590520136115,24
370000,-97,1590520136121,1
370000,-96,1590520136131,20
370000,-80,1590520136133,8
370000,-70,1590520136155,22
370000,-81,1590520136195,24
370000,-94,1590520136217,20
370000,-76,1590520136221,8
370000,-71,1590520136287,22
370000,-81,1590520136316,24
370000,-80,1590520136347,8
370000,-70,1590520136382,22
370000,-95,1590520136414,1
370000,-82,1590520136420,24
370000,-80,1590520136447,8
370000,-95,1590520136451,20
370000,-71,1590520136474,22
370000,-98,1590520136503,1
370000,-82,1590520136533,24
370000,-80,1590520136538,8
370000,-93,1590520136565,20
370000,-70,1590520136571,22
370000,-93,1590520136619,1
370000,-82,1590520136651,24
370000,-80,1590520136656,8
370000,-94,1590520136660,20
370000,-71,1590520136684,22
370000,-96,1590520136724,1
370000,-81,1590520136750,24
370000,-80,1590520136754,8
370000,-93,1590520136758,20
370000,-70,1590520136781,22
370000,-95,1590520136841,1
370000,-82,1590520136850,24
370000,-80,1590520136868,8
370000,-67,1590520136901,22
370000,-94,1590520136925,1
370000,-82,1590520136953,24
370000,-80,1590520136961,8
370000,-95,1590520136965,20
370000,-71,1590520136996,22
370000,-81,1590520137052,24
370000,-95,1590520137089,20
370000,-70,1590520137094,22
370000,-82,1590520137151,24
370000,-80,1590520137155,8
370000,-95,1590520137173,20
370000,-71,1590520137204,22
370000,-94,1590520137258,1
370000,-81,1590520137264,24
370000,-76,1590520137286,8
370000,-94,1590520137289,20
370000,-70,1590520137302,22
370000,-81,1590520137367,24
370000,-80,1590520137370,8
370000,-70,1590520137403,22
370000,-82,1590520137474,24
370000,-80,1590520137480,8
370000,-67,1590520137521,22
370000,-95,1590520137561,1
370000,-76,1590520137593,8
370000,-83,1590520137599,24
370000,-93,1590520137602,20
370000,-70,1590520137629,22
370000,-92,1590520137659,1
370000,-82,1590520137691,24
370000,-76,1590520137696,8
370000,-93,1590520137700,20
370000,-67,1590520137725,22
370000,-94,1590520137759,1
370000,-81,1590520137788,24
370000,-80,1590520137793,8
370000,-94,1590520137811,20
370000,-70,1590520137842,22
370000,-82,1590520137895,24
370000,-81,1590520137900,8
370000,-94,1590520137930,20
370000,-71,1590520137935,22
370000,-95,1590520137971,1
370000,-82,1590520137998,24
370000,-94,1590520138028,20
370000,-67,1590520138037,22
370000,-94,1590520138063,1
370000,-80,1590520138102,8
370000,-96,1590520138131,20
370000,-70,1590520138162,22
370000,-96,1590520138168,1
370000,-82,1590520138202,24
370000,-80,1590520138206,8
370000,-94,1590520138231,20
370000,-67,1590520138265,22
370000,-97,1590520138277,1
370000,-82,1590520138332,24
370000,-80,1590520138336,8
370000,-93,1590520138340,20
370000,-70,1590520138367,22
370000,-93,1590520138372,1
370000,-67,1590520138455,22
370000,-95,1590520138491,1
370000,-82,1590520138535,24
370000,-80,1590520138538,8
370000,-71,1590520138567,22
370000,-82,1590520138625,24
370000,-80,1590520138657,8
370000,-71,1590520138697,22
370000,-97,1590520138711,1
370000,-82,1590520138741,24
370000,-81,1590520138745,8
370000,-71,1590520138775,22
370000,-82,1590520138839,24
370000,-80,1590520138868,8
370000,-96,1590520138873,20
370000,-70,1590520138896,22
370000,-81,1590520138944,24
370000,-80,1590520138950,8
370000,-71,1590520138981,22
370000,-80,1590520139049,8
370000,-66,1590520139084,22
370000,-95,1590520139152,19
370000,-76,1590520139156,24
370000,-76,1590520139165,8
370000,-66,1590520139194,22
370000,-93,1590520139254,19
370000,-76,1590520139296,24
370000,-80,1590520139318,8
370000,-66,1590520139330,22
370000,-79,1590520139366,24
370000,-79,1590520139387,8
370000,-64,1590520139406,22
370000,-94,1590520139479,19
370000,-76,1590520139484,24
370000,-78,1590520139488,8
370000,-66,1590520139507,22
370000,-91,1590520139574,19
370000,-80,1590520139592,24
370000,-76,1590520139596,8
370000,-66,1590520139615,22
370000,-92,1590520139678,19
370000,-64,1590520139716,22
370000,-93,1590520139784,19
370000,-76,1590520139809,24
370000,-79,1590520139814,8
370000,-66,1590520139837,22
370000,-93,1590520139897,19
370000,-76,1590520139902,24
370000,-79,1590520139906,8
370000,-64,1590520139928,22
370000,-92,1590520139985,19
370000,-79,1590520140014,24
370000,-79,1590520140019,8
370000,-64,1590520140052,22
370000,-79,1590520140109,24
370000,-76,1590520140111,8
370000,-66,1590520140137,22
370000,-94,1590520140190,19
370000,-76,1590520140207,24
370000,-79,1590520140212,8
370000,-64,1590520140245,22
370000,-76,1590520140302,24
370000,-79,1590520140325,8
370000,-66,1590520140351,22
370000,-92,1590520140396,19
370000,-76,1590520140409,24
370000,-76,1590520140426,8
370000,-64,1590520140456,22
370000,-93,1590520140497,19
370000,-76,1590520140515,24
370000,-79,1590520140519,8
370000,-66,1590520140556,22
370000,-92,1590520140599,19
370000,-79,1590520140617,24
370000,-79,1590520140622,8
370000,-66,1590520140683,22
370000,-91,1590520140702,19
370000,-79,1590520140733,24
370000,-66,1590520140772,22
370000,-92,1590520140809,19
370000,-79,1590520140836,24
370000,-79,1590520140839,8
370000,-64,1590520140880,22
370000,-92,1590520140917,19
370000,-80,1590520140925,24
370000,-79,1590520140962,8
370000,-90,1590520141031,19
370000,-80,1590520141037,24
370000,-79,1590520141054,8
370000,-64,1590520141085,22
370000,-92,1590520141143,19
370000,-76,1590520141148,24
370000,-79,1590520141152,8
370000,-64,1590520141197,22
370000,-91,1590520141232,19
370000,-80,1590520141257,24
370000,-78,1590520141261,8
370000,-66,1590520141295,22
370000,-92,1590520141347,19
370000,-80,1590520141355,24
370000,-76,1590520141375,8
370000,-61,1590520141427,22
370000,-91,1590520141460,19
370000,-76,1590520141464,24
370000,-66,1590520141509,22
370000,-92,1590520141560,19
370000,-79,1590520141568,8
370000,-66,1590520141609,22
370000,-89,1590520141660,19
370000,-79,1590520141679,8
370000,-80,1590520141686,24
370000,-66,1590520141719,22
370000,-93,1590520141781,19
370000,-76,1590520141787,8
370000,-76,1590520141790,24
370000,-63,1590520141824,22
370000,-91,1590520141862,19
370000,-76,1590520141898,8
370000,-76,1590520141905,24
370000,-66,1590520141932,22
370000,-79,1590520141997,8
370000,-76,1590520142002,24
370000,-64,1590520142038,22
370000,-92,1590520142099,19
370000,-79,1590520142105,8
370000,-76,1590520142109,24
370000,-64,1590520142165,22
370000,-92,1590520142188,19
370000,-80,1590520142215,8
370000,-80,1590520142219,24
370000,-92,1590520142277,19
370000,-79,1590520142307,8
370000,-76,1590520142312,24
370000,-64,1590520142371,22
370000,-93,1590520142403,19
370000,-79,1590520142438,8
370000,-80,1590520142445,24
370000,-66,1590520142469,22
370000,-94,1590520142505,19
370000,-78,1590520142535,8
370000,-76,1590520142540,24
370000,-66,1590520142565,22
370000,-89,1590520142593,19
370000,-79,1590520142624,8
370000,-79,1590520142655,24
370000,-66,1590520142664,22
370000,-94,1590520142694,19
370000,-79,1590520142741,8
370000,-80,1590520142745,24
370000,-66,1590520142768,22
370000,-94,1590520142803,19
370000,-79,1590520142839,8
370000,-64,1590520142869,22
370000,-94,1590520142899,19
370000,-80,1590520142946,24
370000,-79,1590520142949,8
370000,-66,1590520142969,22
370000,-94,1590520143009,19
370000,-80,1590520143062,24
370000,-78,1590520143080,8
370000,-64,1590520143084,22
370000,-97,1590520143136,19
370000,-76,1590520143155,24
370000,-79,1590520143169,8
370000,-66,1590520143191,22
370000,-80,1590520143264,24
370000,-79,1590520143304,8
370000,-64,1590520143309,22
370000,-92,1590520143337,19
370000,-76,1590520143365,24
370000,-79,1590520143397,8
370000,-93,1590520143436,19
370000,-79,1590520143471,24
370000,-64,1590520143499,22
370000,-76,1590520143505,8
370000,-80,1590520143566,24
370000,-66,1590520143595,22
370000,-78,1590520143599,8
370000,-94,1590520143668,19
370000,-80,1590520143673,24
370000,-66,1590520143700,22
370000,-79,1590520143705,8
370000,-94,1590520143764,19
370000,-76,1590520143783,24
370000,-66,1590520143812,22
370000,-79,1590520143816,8
370000,-95,1590520143858,19
370000,-76,1590520143884,24
370000,-66,1590520143923,22
370000,-79,1590520143930,8
370000,-76,1590520143979,24
370000,-64,1590520144001,22
370000,-78,1590520144040,8
370000,-75,1590520144089,24
370000,-76,1590520144118,22
370000,-83,1590520144152,8
370000,-75,1590520144194,24
370000,-76,1590520144221,22
370000,-79,1590520144252,8
370000,-74,1590520144297,24
370000,-77,1590520144325,22
370000,-83,1590520144350,8
370000,-94,1590520144379,19
370000,-75,1590520144402,24
370000,-76,1590520144438,22
370000,-84,1590520144445,8
370000,-92,1590520144484,19
370000,-76,1590520144533,22
370000,-83,1590520144573,8
370000,-92,1590520144634,19
370000,-74,1590520144637,24
370000,-76,1590520144643,22
370000,-84,1590520144655,8
370000,-92,1590520144699,19
370000,-75,1590520144702,24
370000,-77,1590520144737,22
370000,-83,1590520144755,8
370000,-93,1590520144807,19
370000,-77,1590520144841,22
370000,-83,1590520144875,8
370000,-92,1590520144908,19
370000,-74,1590520144912,24
370000,-76,1590520144949,22
370000,-79,1590520144974,8
370000,-92,1590520145007,19
370000,-75,1590520145041,24
370000,-84,1590520145077,8
370000,-93,1590520145112,19
370000,-75,1590520145147,24
370000,-93,1590520145220,19
370000,-76,1590520145269,22
370000,-84,1590520145296,8
370000,-93,1590520145355,19
370000,-83,1590520145405,8
370000,-74,1590520145463,24
370000,-76,1590520145496,22
370000,-83,1590520145501,8
370000,-75,1590520145533,24
370000,-83,1590520145585,8
370000,-74,1590520145641,24
370000,-94,1590520145646,19
370000,-83,1590520145688,8
370000,-75,1590520145743,24
370000,-91,1590520145753,19
370000,-84,1590520145793,8
370000,-77,1590520145815,22
370000,-75,1590520145860,24
370000,-92,1590520145889,19
370000,-83,1590520145921,8
370000,-76,1590520145927,22
370000,-75,1590520145951,24
370000,-90,1590520145976,19
370000,-76,1590520145999,22
370000,-83,1590520146004,8
370000,-75,1590520146065,24
370000,-92,1590520146082,19
370000,-76,1590520146116,22
370000,-79,1590520146121,8
370000,-75,1590520146163,24
370000,-91,1590520146185,19
370000,-83,1590520146220,8
370000,-76,1590520146226,22
370000,-75,1590520146267,24
370000,-92,1590520146291,19
370000,-78,1590520146323,8
370000,-76,1590520146329,22
370000,-74,1590520146375,24
370000,-91,1590520146404,19
370000,-83,1590520146437,8
370000,-76,1590520146442,22
370000,-74,1590520146481,24
370000,-90,1590520146491,19
370000,-76,1590520146534,22
370000,-75,1590520146584,24
370000,-89,1590520146604,19
370000,-83,1590520146660,8
370000,-76,1590520146666,22
370000,-74,1590520146702,24
370000,-92,1590520146709,19
370000,-82,1590520146755,8
370000,-75,1590520146796,24
370000,-83,1590520146841,8
370000,-76,1590520146851,22
370000,-74,1590520146899,24
370000,-92,1590520146925,19
370000,-79,1590520146958,8
370000,-76,1590520146962,22
370000,-73,1590520147007,24
370000,-83,1590520147053,8
370000,-76,1590520147064,22
370000,-92,1590520147108,19
370000,-75,1590520147125,24
370000,-83,1590520147160,8
370000,-76,1590520147165,22
370000,-91,1590520147234,19
370000,-83,1590520147265,8
370000,-76,1590520147287,22
370000,-91,1590520147320,19
370000,-74,1590520147422,24
370000,-91,1590520147468,19
370000,-79,1590520147485,8
370000,-75,1590520147529,24
370000,-93,1590520147566,19
370000,-84,1590520147595,8
370000,-76,1590520147601,22
370000,-75,1590520147635,24
370000,-91,1590520147641,19
370000,-76,1590520147687,22
370000,-75,1590520147746,24
370000,-94,1590520147753,19
370000,-84,1590520147794,8
370000,-75,1590520147848,24
370000,-92,1590520147853,19
370000,-84,1590520147899,8
370000,-77,1590520147910,22
370000,-75,1590520147952,24
370000,-93,1590520147980,19
370000,-84,1590520148007,8
370000,-76,1590520148011,22
370000,-75,1590520148056,24
370000,-92,1590520148083,19
370000,-83,1590520148108,8
370000,-75,1590520148168,24
370000,-93,1590520148207,19
370000,-76,1590520148215,22
370000,-82,1590520148236,8
370000,-74,1590520148266,24
370000,-94,1590520148281,19
370000,-77,1590520148314,22
370000,-83,1590520148330,8
370000,-75,1590520148367,24
370000,-76,1590520148423,22
370000,-83,1590520148428,8
370000,-74,1590520148473,24
370000,-94,1590520148515,19
370000,-76,1590520148547,22
370000,-76,1590520148630,22
370000,-75,1590520148726,24
370000,-95,1590520148730,19
370000,-76,1590520148756,22
370000,-84,1590520148761,8
370000,-75,1590520148793,24
370000,-94,1590520148826,19
370000,-77,1590520148857,22
370000,-83,1590520148861,8
370000,-75,1590520148897,24
370000,-93,1590520148924,19
370000,-76,1590520148945,22
370000,-83,1590520148975,8
370000,-75,1590520149009,24
370000,-92,1590520149043,19
370000,-76,1590520149047,22
370000,-82,1590520149077,8
370000,-98,1590520149111,1
370000,-82,1590520149118,24
370000,-94,1590520149121,20
370000,-70,1590520149150,22
370000,-81,1590520149180,8
370000,-81,1590520149229,24
370000,-94,1590520149234,20
370000,-96,1590520149296,1
370000,-81,1590520149330,24
370000,-96,1590520149335,20
370000,-70,1590520149363,22
370000,-80,1590520149398,8
370000,-95,1590520149432,1
370000,-82,1590520149436,24
370000,-93,1590520149440,20
370000,-71,1590520149462,22
370000,-80,1590520149489,8
370000,-97,1590520149519,1
370000,-82,1590520149546,24
370000,-71,1590520149565,22
370000,-80,1590520149606,8
370000,-94,1590520149632,1
370000,-82,1590520149638,24
370000,-95,1590520149664,20
370000,-70,1590520149668,22
370000,-80,1590520149694,8
370000,-97,1590520149715,1
370000,-82,1590520149749,24
370000,-70,1590520149787,22
370000,-80,1590520149820,8
370000,-94,1590520149826,1
370000,-81,1590520149854,24
370000,-94,1590520149883,20
370000,-80,1590520149912,8
370000,-97,1590520149934,1
370000,-82,1590520149969,24
370000,-95,1590520149973,20
370000,-67,1590520150003,22
370000,-80,1590520150015,8
370000,-95,1590520150034,1
370000,-81,1590520150059,24
370000,-96,1590520150088,20
370000,-97,1590520150093,19
370000,-67,1590520150098,22
370000,-80,1590520150122,8
370000,-81,1590520150171,24
370000,-96,1590520150177,20
370000,-67,1590520150203,22
370000,-80,1590520150210,8
370000,-81,1590520150271,24
370000,-70,1590520150306,22
370000,-80,1590520150337,8
370000,-82,1590520150378,24
370000,-95,1590520150392,20
370000,-67,1590520150420,22
370000,-81,1590520150428,8
370000,-82,1590520150480,24
370000,-70,1590520150523,22
370000,-81,1590520150530,8
370000,-81,1590520150582,24
370000,-94,1590520150607,19
370000,-70,1590520150649,22
370000,-82,1590520150688,24
370000,-100,1590520150697,19
370000,-80,1590520150761,8
370000,-71,1590520150766,22
370000,-82,1590520150803,24
370000,-97,1590520150807,20
370000,-80,1590520150859,8
370000,-70,1590520150864,22
370000,-82,1590520150904,24
370000,-95,1590520150911,20
370000,-70,1590520150964,22
370000,-81,1590520151013,24
370000,-98,1590520151043,20
370000,-81,1590520151048,8
370000,-71,1590520151076,22
370000,-81,1590520151128,24
370000,-98,1590520151132,20
370000,-80,1590520151160,8
370000,-67,1590520151173,22
370000,-94,1590520151233,20
370000,-80,1590520151270,8
370000,-70,1590520151279,22
370000,-82,1590520151331,24
370000,-94,1590520151338,19
370000,-94,1590520151363,20
370000,-81,1590520151370,8
370000,-71,1590520151397,22
370000,-82,1590520151435,24
370000,-95,1590520151464,20
370000,-81,1590520151470,8
370000,-71,1590520151497,22
370000,-82,1590520151541,24
370000,-94,1590520151547,19
370000,-95,1590520151573,20
370000,-80,1590520151578,8
370000,-70,1590520151598,22
370000,-95,1590520151617,1
370000,-81,1590520151660,24
370000,-80,1590520151681,8
370000,-67,1590520151699,22
370000,-95,1590520151769,19
370000,-81,1590520151776,24
370000,-80,1590520151802,8
370000,-70,1590520151807,22
370000,-95,1590520151835,1
370000,-97,1590520151867,20
370000,-81,1590520151871,24
370000,-80,1590520151897,8
370000,-67,1590520151901,22
370000,-96,1590520151924,1
370000,-82,1590520151989,24
370000,-80,1590520151994,8
370000,-71,1590520151999,22
370000,-94,1590520152041,1
370000,-82,1590520152071,24
370000,-80,1590520152103,8
370000,-94,1590520152136,1
370000,-81,1590520152172,24
370000,-76,1590520152210,8
370000,-70,1590520152218,22
370000,-95,1590520152240,1
370000,-82,1590520152281,24
370000,-96,1590520152286,20
370000,-80,1590520152306,8
370000,-67,1590520152310,22
370000,-96,1590520152338,1
370000,-81,1590520152377,24
370000,-95,1590520152407,20
370000,-80,1590520152422,8
370000,-71,1590520152445,22
370000,-94,1590520152452,1
370000,-71,1590520152541,22
370000,-95,1590520152575,1
370000,-83,1590520152622,24
370000,-96,1590520152631,20
370000,-67,1590520152651,22
370000,-95,1590520152674,1
370000,-82,1590520152698,24
370000,-96,1590520152724,20
370000,-80,1590520152733,8
370000,-82,1590520152796,24
370000,-94,1590520152825,20
370000,-71,1590520152838,22
370000,-76,1590520152842,8
370000,-94,1590520152863,1
370000,-82,1590520152903,24
370000,-97,1590520152927,19
370000,-97,1590520152936,20
370000,-67,1590520152959,22
370000,-80,1590520152964,8
370000,-95,1590520152987,1
370000,-82,1590520153013,24
370000,-96,1590520153045,20
370000,-80,1590520153053,8
370000,-71,1590520153078,22
370000,-98,1590520153086,1
370000,-82,1590520153128,24
370000,-98,1590520153132,19
370000,-80,1590520153159,8
370000,-67,1590520153162,22
370000,-81,1590520153270,8
370000,-70,1590520153274,22
370000,-82,1590520153321,24
370000,-95,1590520153352,20
370000,-80,1590520153383,8
370000,-70,1590520153388,22
370000,-95,1590520153393,1
370000,-81,1590520153447,24
370000,-81,1590520153474,8
370000,-70,1590520153499,22
370000,-97,1590520153503,1
370000,-81,1590520153535,24
370000,-97,1590520153569,20
370000,-67,1590520153581,22
370000,-95,1590520153600,1
370000,-82,1590520153636,24
370000,-80,1590520153703,8
370000,-70,1590520153709,22
370000,-97,1590520153714,1
370000,-81,1590520153740,24
370000,-67,1590520153787,22
370000,-82,1590520153845,24
370000,-96,1590520153872,20
370000,-81,1590520153911,8
370000,-67,1590520153915,22
370000,-97,1590520153918,1
370000,-82,1590520153952,24
370000,-76,1590520153989,8
370000,-70,1590520153997,22
370000,-94,1590520154024,1
370000,-78,1590520154093,8
370000,-66,1590520154127,22
370000,-80,1590520154164,24
370000,-94,1590520154169,19
370000,-79,1590520154188,8
370000,-66,1590520154228,22
370000,-76,1590520154273,24
370000,-95,1590520154280,19
370000,-76,1590520154315,8
370000,-66,1590520154329,22
370000,-95,1590520154379,19
370000,-80,1590520154384,24
370000,-78,1590520154409,8
370000,-66,1590520154441,22
370000,-76,1590520154495,24
370000,-76,1590520154533,8
370000,-64,1590520154541,22
370000,-80,1590520154593,24
370000,-96,1590520154599,19
370000,-78,1590520154625,8
370000,-66,1590520154634,22
370000,-76,1590520154690,24
370000,-91,1590520154709,19
370000,-78,1590520154741,8
370000,-66,1590520154748,22
370000,-79,1590520154796,24
370000,-79,1590520154824,8
370000,-91,1590520154904,19
370000,-76,1590520154908,24
370000,-76,1590520154933,8
370000,-66,1590520154937,22
370000,-92,1590520155031,19
370000,-79,1590520155037,24
370000,-80,1590520155042,8
370000,-66,1590520155066,22
370000,-94,1590520155129,19
370000,-76,1590520155133,24
370000,-79,1590520155153,8
370000,-93,1590520155252,19
370000,-79,1590520155256,24
370000,-79,1590520155260,8
370000,-66,1590520155264,22
370000,-91,1590520155324,19
370000,-80,1590520155367,24
370000,-78,1590520155371,8
370000,-64,1590520155376,22
370000,-79,1590520155436,24
370000,-76,1590520155467,8
370000,-66,1590520155472,22
370000,-89,1590520155526,19
370000,-76,1590520155546,24
370000,-80,1590520155564,8
370000,-64,1590520155577,22
370000,-91,1590520155632,19
370000,-76,1590520155667,24
370000,-76,1590520155682,8
370000,-66,1590520155710,22
370000,-92,1590520155737,19
370000,-76,1590520155765,24
370000,-80,1590520155767,8
370000,-64,1590520155781,22
370000,-93,1590520155847,19
370000,-80,1590520155865,8
370000,-66,1590520155884,22
370000,-91,1590520155941,19
370000,-79,1590520155969,8
370000,-80,1590520155974,24
370000,-64,1590520156003,22
370000,-95,1590520156072,19
370000,-79,1590520156106,8
370000,-80,1590520156111,24
370000,-64,1590520156115,22
370000,-80,1590520156181,8
370000,-80,1590520156190,24
370000,-64,1590520156216,22
370000,-92,1590520156260,19
370000,-78,1590520156307,8
370000,-66,1590520156309,22
370000,-92,1590520156366,19
370000,-79,1590520156396,24
370000,-78,1590520156424,8
370000,-64,1590520156428,22
370000,-92,1590520156474,19
370000,-76,1590520156531,24
370000,-77,1590520156533,8
370000,-66,1590520156537,22
370000,-91,1590520156590,19
370000,-77,1590520156613,8
370000,-64,1590520156633,22
370000,-95,1590520156683,19
370000,-76,1590520156727,24
370000,-77,1590520156734,8
370000,-64,1590520156739,22
370000,-76,1590520156823,24
370000,-79,1590520156846,8
370000,-66,1590520156850,22
370000,-78,1590520156913,24
370000,-76,1590520156927,8
370000,-64,1590520156930,22
370000,-78,1590520157020,24
370000,-66,1590520157059,22
370000,-103,1590520157106,19
370000,-79,1590520157255,24
370000,-65,1590520157260,22
370000,-96,1590520157333,19
370000,-76,1590520157345,24
370000,-76,1590520157369,8
370000,-65,1590520157375,22
370000,-93,1590520157422,19
370000,-80,1590520157454,24
370000,-78,1590520157456,8
370000,-76,1590520157539,24
370000,-77,1590520157542,8
370000,-65,1590520157562,22
370000,-94,1590520157588,1
370000,-79,1590520157668,24
370000,-99,1590520157678,20
370000,-66,1590520157697,22
370000,-93,1590520157702,1
370000,-94,1590520157759,19
370000,-75,1590520157765,24
370000,-65,1590520157785,22
370000,-92,1590520157846,19
370000,-65,1590520157875,22
370000,-90,1590520157956,19
370000,-96,1590520157982,20
370000,-76,1590520157984,24
370000,-64,1590520157986,22
370000,-90,1590520158066,19
370000,-78,1590520158070,24
370000,-83,1590520158083,8
370000,-63,1590520158100,22
370000,-90,1590520158167,19
370000,-83,1590520158192,8
370000,-62,1590520158222,22
370000,-95,1590520158279,19
370000,-66,1590520158313,22
370000,-97,1590520158342,1
370000,-92,1590520158383,19
370000,-81,1590520158408,24
370000,-82,1590520158414,8
370000,-65,1590520158418,22
370000,-89,1590520158509,19
370000,-77,1590520158516,24
370000,-80,1590520158520,8
370000,-95,1590520158524,20
370000,-65,1590520158542,22
370000,-95,1590520158547,1
370000,-77,1590520158609,24
370000,-77,1590520158614,8
370000,-66,1590520158633,22
370000,-91,1590520158685,19
370000,-78,1590520158713,24
370000,-82,1590520158719,8
370000,-95,1590520158743,20
370000,-66,1590520158748,22
370000,-90,1590520158784,19
370000,-80,1590520158821,24
370000,-78,1590520158825,8
370000,-100,1590520158829,20
370000,-67,1590520158847,22
370000,-76,1590520158906,8
370000,-66,1590520158929,22
370000,-97,1590520158976,1
370000,-78,1590520159013,8
370000,-77,1590520159018,24
370000,-69,1590520159052,22
370000,-92,1590520159089,19
370000,-76,1590520159126,24
370000,-97,1590520159145,20
370000,-70,1590520159150,22
370000,-90,1590520159197,19
370000,-75,1590520159225,24
370000,-91,1590520159250,20
370000,-68,1590520159256,22
370000,-90,1590520159300,19
370000,-86,1590520159345,8
370000,-94,1590520159367,20
370000,-68,1590520159383,22
370000,-89,1590520159409,19
370000,-89,1590520159435,8
370000,-77,1590520159438,24
370000,-66,1590520159464,22
370000,-84,1590520159538,8
370000,-89,1590520159565,20
370000,-70,1590520159571,22
370000,-88,1590520159623,19
370000,-79,1590520159651,24
370000,-71,1590520159669,22
370000,-80,1590520159750,24
370000,-84,1590520159755,8
370000,-90,1590520159830,19
370000,-76,1590520159857,24
370000,-88,1590520159865,8
370000,-68,1590520159887,22
370000,-93,1590520159892,20
370000,-94,1590520159935,19
370000,-76,1590520159957,24
370000,-84,1590520159994,8
370000,-67,1590520160001,22
370000,-95,1590520160036,19
370000,-78,1590520160075,24
370000,-89,1590520160082,8
370000,-70,1590520160086,22
370000,-70,1590520160187,22
370000,-93,1590520160288,19
370000,-80,1590520160305,24
370000,-86,1590520160313,8
370000,-71,1590520160319,22
370000,-96,1590520160374,19
370000,-81,1590520160392,24
370000,-89,1590520160401,8
370000,-67,1590520160425,22
370000,-95,1590520160463,19
370000,-83,1590520160493,24
370000,-89,1590520160526,8
370000,-71,1590520160531,22
370000,-95,1590520160562,19
370000,-82,1590520160597,24
370000,-88,1590520160602,8
370000,-71,1590520160630,22
370000,-95,1590520160664,19
370000,-83,1590520160698,24
370000,-87,1590520160724,8
370000,-72,1590520160730,22
370000,-93,1590520160770,19
370000,-83,1590520160798,24
370000,-87,1590520160833,8
370000,-72,1590520160838,22
370000,-94,1590520160879,19
370000,-79,1590520160940,24
370000,-89,1590520160947,8
370000,-67,1590520160955,22
370000,-93,1590520160982,19
370000,-87,1590520161017,8
370000,-83,1590520161022,24
370000,-71,1590520161050,22
370000,-93,1590520161090,19
370000,-84,1590520161122,24
370000,-71,1590520161148,22
370000,-93,1590520161187,19
370000,-91,1590520161239,8
370000,-83,1590520161245,24
370000,-72,1590520161249,22
370000,-92,1590520161292,19
370000,-88,1590520161326,8
370000,-84,1590520161350,24
370000,-71,1590520161355,22
370000,-86,1590520161435,8
370000,-93,1590520161497,19
370000,-83,1451668727746,8
370000,-93,1451668727751,20
370000,-76,1451668727783,22
370000,-78,1451668727798,24
370000,-93,1451668727843,1
370000,-83,1451668727862,8
370000,-75,1451668727866,22
370000,-77,1451668727880,24
370000,-96,1451668727958,20
370000,-82,1451668727962,8
370000,-77,1451668728062,22
370000,-74,1451668728098,24
370000,-98,1451668728156,19
370000,-82,1451668728177,8
370000,-75,1451668728183,22
370000,-74,1451668728207,24
370000,-94,1451668728264,19
370000,-73,1451668728290,22
370000,-88,1451668728294,8
370000,-73,1451668728310,24
370000,-94,1451668728375,19
370000,-73,1451668728402,24
370000,-93,1451668728493,1
370000,-67,1451668728499,22
370000,-98,1451668728503,20
370000,-70,1451668728526,24
370000,-91,1451668728585,1
370000,-70,1451668728607,22
370000,-94,1451668728612,20
370000,-72,1451668728626,24
370000,-96,1451668728678,19
370000,-93,1451668728707,1
370000,-83,1451668728710,8
370000,-71,1451668728714,22
370000,-90,1451668728717,20
370000,-73,1451668728732,24
370000,-96,1451668728791,19
370000,-92,1451668728794,1
370000,-81,1451668728814,8
370000,-94,1451668728818,20
370000,-74,1451668728840,24
370000,-90,1451668728891,1
370000,-84,1451668728909,8
370000,-94,1451668728913,20
370000,-75,1451668728936,24
370000,-92,1451668728992,1
370000,-70,1451668729033,22
370000,-94,1451668729043,20
370000,-83,1451668729047,8
370000,-74,1451668729069,24
370000,-95,1451668729120,1
370000,-72,1451668729122,22
370000,-86,1451668729126,8
370000,-75,1451668729153,24
370000,-92,1451668729219,1
370000,-96,1451668729221,19
370000,-70,1451668729224,22
370000,-93,1451668729225,20
370000,-76,1451668729251,24
370000,-91,1451668729342,1
370000,-96,1451668729346,19
370000,-93,1451668729352,20
370000,-82,1451668729358,8
370000,-75,1451668729371,24
370000,-72,1451668729439,22
370000,-93,1451668729443,1
370000,-86,1451668729446,8
370000,-95,1451668729450,20
370000,-73,1451668729465,24
370000,-70,1451668729530,22
370000,-83,1451668729534,8
370000,-97,1451668729555,20
370000,-74,1451668729598,24
370000,-85,1451668729657,8
370000,-96,1451668729661,20
370000,-92,1451668729740,1
370000,-94,1451668729747,19
370000,-70,1451668729750,22
370000,-84,1451668729765,8
370000,-94,1451668729858,1
370000,-93,1451668729863,19
370000,-83,1451668729868,8
370000,-96,1451668729872,20
370000,-76,1451668729897,24
370000,-69,1451668729966,22
370000,-92,1451668729970,1
370000,-97,1451668729978,19
370000,-83,1451668729983,8
370000,-95,1451668729987,20
370000,-76,1451668730003,24
370000,-92,1451668730062,1
370000,-96,1451668730089,20
370000,-76,1451668730094,24
370000,-69,1451668730188,22
370000,-91,1451668730196,1
370000,-97,1451668730199,20
370000,-77,1451668730203,24
370000,-69,1451668730273,22
370000,-83,1451668730278,8
370000,-77,1451668730308,24
370000,-71,1451668730382,22
370000,-93,1451668730385,1
370000,-81,1451668730407,8
370000,-77,1451668730411,24
370000,-91,1451668730493,1
370000,-96,1451668730496,20
370000,-81,1451668730501,8
370000,-77,1451668730523,24
370000,-71,1451668730579,22
370000,-82,1451668730604,8
370000,-93,1451668730608,1
370000,-73,1451668730615,24
370000,-98,1451668730688,19
370000,-71,1451668730693,22
370000,-82,1451668730699,8
370000,-93,1451668730719,1
370000,-97,1451668730725,20
370000,-77,1451668730730,24
370000,-95,1451668730807,19
370000,-72,1451668730812,22
370000,-82,1451668730819,8
370000,-96,1451668730823,20
370000,-93,1451668730896,19
370000,-70,1451668730900,22
370000,-76,1451668730924,24
370000,-91,1451668731022,19
370000,-67,1451668731026,22
370000,-77,1451668731031,24
370000,-70,1451668731115,22
370000,-92,1451668731120,19
370000,-76,1451668731140,24
370000,-82,1451668731148,8
370000,-71,1451668731209,22
370000,-92,1451668731232,19
370000,-94,1451668731236,1
370000,-82,1451668731239,8
370000,-70,1451668731309,22
370000,-92,1451668731339,19
370000,-75,1451668731348,24
370000,-94,1451668731351,1
370000,-83,1451668731355,8
370000,-71,1451668731421,22
370000,-89,1451668731426,19
370000,-74,1451668731454,24
370000,-91,1451668731460,8
370000,-66,1451668731539,22
370000,-91,1451668731545,19
370000,-75,1451668731549,24
370000,-89,1451668731572,8
370000,-50,1451668731623,22
370000,-89,1451668731660,19
370000,-74,1451668731664,24
370000,-88,1451668731668,8
370000,-67,1451668731754,22
370000,-74,1451668731762,24
370000,-91,1451668731766,19
370000,-91,1451668731786,8
370000,-74,1451668731856,24
370000,-91,1451668731862,19
370000,-97,1451668731891,1
370000,-93,1451668731896,8
370000,-67,1451668731961,22
370000,-74,1451668731965,24
370000,-90,1451668731969,19
370000,-92,1451668731987,8
370000,-92,1451668732072,19
370000,-98,1451668732079,1
370000,-93,1451668732104,8
370000,-67,1451668732144,22
370000,-74,1451668732194,24
370000,-90,1451668732198,19
370000,-92,1451668732201,8
370000,-97,1451668732204,1
370000,-67,1451668732244,22
370000,-74,1451668732267,24
370000,-90,1451668732286,19
370000,-92,1451668732290,8
370000,-64,1451668732345,22
370000,-70,1451668732370,24
370000,-88,1451668732381,19
370000,-100,1451668732396,1
370000,-91,1451668732399,8
370000,-64,1451668732451,22
370000,-75,1451668732476,24
370000,-91,1451668732506,19
370000,-97,1451668732512,1
370000,-92,1451668732516,8
370000,-67,1451668732589,22
370000,-74,1451668732598,24
370000,-92,1451668732604,19
370000,-67,1451668732671,22
370000,-75,1451668732688,24
370000,-91,1451668732718,19
370000,-67,1451668732823,22
370000,-74,1451668732833,24
370000,-92,1451668732837,19
370000,-91,1451668732843,8
370000,-97,1451668732847,1
370000,-74,1451668732898,24
370000,-91,1451668732903,19
370000,-91,1451668732915,8
370000,-64,1451668732999,22
370000,-75,1451668733007,24
370000,-91,1451668733020,19
370000,-99,1451668733024,1
370000,-91,1451668733026,8
370000,-67,1451668733086,22
370000,-75,1451668733122,24
370000,-97,1451668733126,1
370000,-91,1451668733130,19
370000,-64,1451668733187,22
370000,-91,1451668733229,19
370000,-95,1451668733233,1
370000,-90,1451668733253,8
370000,-67,1451668733292,22
370000,-74,1451668733317,24
370000,-91,1451668733325,19
370000,-97,1451668733352,1
370000,-91,1451668733361,8
370000,-64,1451668733399,22
370000,-70,1451668733422,24
370000,-91,1451668733428,19
370000,-97,1451668733450,1
370000,-90,1451668733455,8
370000,-93,1451668733526,19
370000,-89,1451668733552,8
370000,-67,1451668733646,22
370000,-92,1451668733650,19
370000,-74,1451668733656,24
370000,-88,1451668733674,8
370000,-64,1451668733725,22
370000,-92,1451668733751,19
370000,-74,1451668733755,24
370000,-89,1451668733759,8
370000,-64,1451668733837,22
370000,-93,1451668733854,19
370000,-89,1451668733859,8
370000,-74,1451668733878,24
370000,-64,1451668733933,22
370000,-89,1451668733973,8
370000,-94,1451668733977,19
370000,-68,1451668734030,22
370000,-88,1451668734063,8
370000,-97,1451668734070,1
370000,-75,1451668734075,24
370000,-94,1451668734080,19
370000,-89,1451668734153,8
370000,-96,1451668734159,1
370000,-74,1451668734182,24
370000,-94,1451668734186,19
370000,-67,1451668734250,22
370000,-70,1451668734283,24
370000,-94,1451668734290,19
370000,-67,1451668734345,22
370000,-89,1451668734399,8
370000,-99,1451668734404,1
370000,-74,1451668734408,24
370000,-94,1451668734411,19
370000,-64,1451668734467,22
370000,-90,1451668734480,8
370000,-75,1451668734498,24
370000,-92,1451668734503,19
370000,-67,1451668734549,22
370000,-89,1451668734586,8
370000,-74,1451668734591,24
370000,-95,1451668734607,19
370000,-64,1451668734665,22
370000,-90,1451668734700,8
370000,-100,1451668734705,1
370000,-74,1451668734709,24
370000,-92,1451668734713,19
370000,-67,1451668734758,22
370000,-93,1451668734805,19
370000,-67,1451668734859,22
370000,-89,1451668734894,8
370000,-97,1451668734898,1
370000,-70,1451668734916,24
370000,-94,1451668734921,19
370000,-64,1451668734968,22
370000,-98,1451668735017,1
370000,-90,1451668735021,8
370000,-74,1451668735025,24
370000,-94,1451668735050,19
370000,-67,1451668735083,22
370000,-75,1451668735122,24
370000,-94,1451668735148,19
370000,-64,1451668735192,22
370000,-74,1451668735218,24
370000,-89,1451668735224,8
370000,-96,1451668735247,19
370000,-67,1451668735283,22
370000,-98,1451668735324,1
370000,-70,1451668735330,24
370000,-89,1451668735337,8
370000,-94,1451668735355,19
370000,-67,1451668735384,22
370000,-74,1451668735422,24
370000,-89,1451668735426,8
370000,-96,1451668735450,19
370000,-64,1451668735487,22
370000,-99,1451668735524,1
370000,-74,1451668735529,24
370000,-96,1451668735562,19
370000,-64,1451668735594,22
370000,-74,1451668735625,24
370000,-97,1451668735648,19
370000,-64,1451668735693,22
370000,-70,1451668735744,24
370000,-90,1451668735750,8
370000,-96,1451668735761,19
370000,-64,1451668735802,22
370000,-74,1451668735836,24
370000,-98,1451668735853,1
370000,-96,1451668735878,19
370000,-68,1451668735933,22
370000,-70,1451668735941,24
370000,-100,1451668735963,1
370000,-88,1451668735968,8
370000,-96,1451668735971,19
370000,-64,1451668736013,22
370000,-70,1451668736066,24
370000,-100,1451668736075,1
370000,-88,1451668736084,8
370000,-64,1451668736114,22
370000,-74,1451668736155,24
370000,-88,1451668736159,8
370000,-98,1451668736163,1
370000,-96,1451668736185,19
370000,-67,1451668736222,22
370000,-74,1451668736251,24
370000,-88,1451668736255,8
370000,-96,1451668736278,19
370000,-64,1451668736332,22
370000,-70,1451668736364,24
370000,-88,1451668736375,8
370000,-97,1451668736379,1
370000,-96,1451668736403,19
370000,-64,1451668736437,22
370000,-78,1451668736461,24
370000,-68,1451668736538,22
370000,-78,1451668736564,24
370000,-96,1451668736574,8
370000,-68,1451668736651,22
370000,-78,1451668736656,24
370000,-68,1451668736746,22
370000,-78,1451668736804,24
370000,-97,1451668736825,8
370000,-64,1451668736860,22
370000,-77,1451668736871,24
370000,-94,1451668736874,8
370000,-68,1451668736955,22
370000,-78,1451668736976,24
370000,-95,1451668736978,8
370000,-64,1451668737064,22
370000,-64,1451668737169,22
370000,-95,1451668737203,8
370000,-68,1451668737274,22
370000,-78,1451668737295,24
370000,-64,1451668737382,22
370000,-95,1451668737466,8
370000,-64,1451668737500,22
370000,-64,1451668737586,22
370000,-78,1451668737610,24
370000,-95,1451668737613,8
370000,-67,1451668737691,22
370000,-77,1451668737698,24
370000,-95,1451668737731,8
370000,-64,1451668737799,22
370000,-78,1451668737805,24
370000,-98,1451668737829,8
370000,-64,1451668737901,22
370000,-96,1451668737948,8
370000,-78,1451668738016,24
370000,-64,1451668738019,22
370000,-95,1451668738039,8
370000,-68,1451668738114,22
370000,-64,1451668738221,22
370000,-95,1451668738340,8
370000,-78,1451668738441,24
370000,-67,1451668738537,22
370000,-97,1451668738567,8
370000,-68,1451668738648,22
370000,-78,1451668738654,24
370000,-78,1451668738756,24
370000,-68,1451668738766,22
370000,-95,1451668738874,8
370000,-78,1451668738964,24
370000,-64,1451668738968,22
370000,-97,1451668738989,8
370000,-78,1451668739097,24
370000,-64,1451668739101,22
370000,-93,1451668739104,8
370000,-67,1451668739181,22
370000,-94,1451668739203,8
370000,-64,1451668739287,22
370000,-96,1451668739305,8
370000,-78,1451668739418,24
370000,-64,1451668739435,22
370000,-99,1451668739437,8
370000,-78,1451668739495,24
370000,-64,1451668739498,22
370000,-96,1451668739519,8
370000,-78,1451668739604,24
370000,-77,1451668739700,24
370000,-67,1451668739725,22
370000,-96,1451668739731,8
370000,-78,1451668739807,24
370000,-67,1451668739816,22
370000,-95,1451668739819,8
370000,-78,1451668740040,24
370000,-67,1451668740050,22
370000,-78,1451668740123,24
370000,-67,1451668740140,22
370000,-78,1451668740218,24
370000,-64,1451668740232,22
370000,-77,1451668740323,24
370000,-67,1451668740332,22
370000,-77,1451668740428,24
370000,-64,1451668740449,22
370000,-78,1451668740534,24
370000,-68,1451668740539,22
370000,-78,1451668740636,24
370000,-67,1451668740642,22
370000,-97,1451668740708,8
370000,-78,1451668740743,24
370000,-67,1451668740746,22
370000,-77,1451668740852,24
370000,-64,1451668740856,22
370000,-95,1451668740875,8
370000,-64,1451668740954,22
370000,-95,1451668740975,8
370000,-78,1451668741083,24
370000,-67,1451668741093,22
370000,-78,1451668741155,24
370000,-64,1451668741185,22
370000,-78,1451668741260,24
370000,-68,1451668741287,22
370000,-96,1451668741325,8
370000,-77,1451668741366,24
370000,-69,1451668741392,22
370000,-96,1451668741429,20
370000,-73,1451668741490,24
370000,-71,1451668741496,22
370000,-92,1451668741501,19
370000,-82,1451668741526,8
370000,-94,1451668741534,1
370000,-94,1451668741557,20
370000,-76,1451668741590,24
370000,-71,1451668741597,22
370000,-82,1451668741626,8
370000,-92,1451668741628,1
370000,-93,1451668741685,19
370000,-70,1451668741699,22
370000,-82,1451668741716,8
370000,-94,1451668741735,20
370000,-75,1451668741785,24
370000,-70,1451668741799,22
370000,-83,1451668741818,8
370000,-91,1451668741820,1
370000,-96,1451668741838,20
370000,-96,1451668741891,19
370000,-74,1451668741895,24
370000,-69,1451668741927,22
370000,-83,1451668741937,8
370000,-98,1451668741962,20
370000,-74,1451668742001,24
370000,-69,1451668742009,22
370000,-83,1451668742037,8
370000,-92,1451668742043,1
370000,-98,1451668742128,19
370000,-74,1451668742137,24
370000,-83,1451668742166,8
370000,-92,1451668742172,1
370000,-94,1451668742176,20
370000,-73,1451668742225,24
370000,-70,1451668742229,22
370000,-83,1451668742252,8
370000,-94,1451668742257,1
370000,-93,1451668742276,20
370000,-95,1451668742308,19
370000,-74,1451668742336,24
370000,-68,1451668742340,22
370000,-83,1451668742344,8
370000,-91,1451668742376,20
370000,-95,1451668742408,19
370000,-70,1451668742438,24
370000,-67,1451668742443,22
370000,-83,1451668742447,8
370000,-92,1451668742451,1
370000,-93,1451668742479,20
370000,-92,1451668742516,19
370000,-74,1451668742539,24
370000,-70,1451668742546,22
370000,-82,1451668742550,8
370000,-93,1451668742554,1
370000,-94,1451668742586,20
370000,-94,1451668742621,19
370000,-70,1451668742649,24
370000,-70,1451668742653,22
370000,-83,1451668742657,8
370000,-94,1451668742678,1
370000,-94,1451668742702,20
370000,-96,1451668742741,19
370000,-70,1451668742746,22
370000,-70,1451668742749,24
370000,-84,1451668742770,8
370000,-93,1451668742780,1
370000,-95,1451668742802,20
370000,-93,1451668742838,19
370000,-70,1451668742845,22
370000,-70,1451668742854,24
370000,-83,1451668742877,8
370000,-94,1451668742881,1
370000,-95,1451668742904,20
370000,-69,1451668742947,22
370000,-95,1451668742952,19
370000,-70,1451668742979,24
370000,-83,1451668742984,8
370000,-92,1451668742990,1
370000,-96,1451668743019,20
370000,-68,1451668743038,22
370000,-74,1451668743073,24
370000,-83,1451668743080,8
370000,-93,1451668743102,1
370000,-96,1451668743120,20
370000,-68,1451668743153,22
370000,-75,1451668743186,24
370000,-79,1451668743190,8
370000,-91,1451668743197,1
370000,-96,1451668743224,20
370000,-69,1451668743258,22
370000,-94,1451668743266,19
370000,-73,1451668743291,24
370000,-84,1451668743297,8
370000,-93,1451668743300,1
370000,-96,1451668743323,20
370000,-68,1451668743355,22
370000,-94,1451668743361,19
370000,-74,1451668743388,24
370000,-92,1451668743420,1
370000,-96,1451668743432,20
370000,-68,1451668743455,22
370000,-94,1451668743485,19
370000,-74,1451668743495,24
370000,-83,1451668743500,8
370000,-93,1451668743534,1
370000,-96,1451668743551,20
370000,-69,1451668743557,22
370000,-93,1451668743588,19
370000,-74,1451668743593,24
370000,-92,1451668743612,1
370000,-68,1451668743666,22
370000,-91,1451668743679,19
370000,-74,1451668743697,24
370000,-83,1451668743700,8
370000,-92,1451668743721,1
370000,-68,1451668743769,22
370000,-91,1451668743775,19
370000,-93,1451668743812,1
370000,-96,1451668743854,20
370000,-69,1451668743887,22
370000,-90,1451668743894,19
370000,-83,1451668743922,8
370000,-74,1451668743927,24
370000,-94,1451668743931,1
370000,-98,1451668743959,20
370000,-69,1451668743988,22
370000,-90,1451668743994,19
370000,-75,1451668744024,24
370000,-94,1451668744033,1
370000,-97,1451668744068,20
370000,-69,1451668744104,22
370000,-90,1451668744108,19
370000,-83,1451668744115,8
370000,-74,1451668744136,24
370000,-93,1451668744141,1
370000,-97,1451668744200,20
370000,-69,1451668744209,22
370000,-75,1451668744229,24
370000,-93,1451668744233,1
370000,-98,1451668744286,20
370000,-68,1451668744299,22
370000,-92,1451668744326,19
370000,-83,1451668744331,8
370000,-74,1451668744339,24
370000,-94,1451668744355,1
370000,-95,1451668744387,20
370000,-69,1451668744422,22
370000,-83,1451668744428,8
370000,-74,1451668744433,24
370000,-95,1451668744453,1
370000,-97,1451668744495,20
370000,-68,1451668744517,22
370000,-95,1451668744523,19
370000,-75,1451668744554,24
370000,-93,1451668744560,1
370000,-96,1451668744594,20
370000,-68,1451668744613,22
370000,-94,1451668744630,19
370000,-74,1451668744649,24
370000,-93,1451668744651,1
370000,-69,1451668744716,22
370000,-92,1451668744729,19
370000,-74,1451668744752,24
370000,-93,1451668744756,1
370000,-69,1451668744818,22
370000,-79,1451668744850,8
370000,-93,1451668744857,19
370000,-74,1451668744864,24
370000,-92,1451668744883,1
370000,-98,1451668744926,20
370000,-69,1451668744931,22
370000,-82,1451668744954,8
370000,-74,1451668744972,24
370000,-91,1451668744977,1
370000,-74,1451668745056,24
370000,-92,1451668745103,1
370000,-69,1451668745136,22
370000,-91,1451668745167,19
370000,-73,1451668745177,24
370000,-93,1451668745181,1
370000,-82,1451668745249,8
370000,-90,1451668745255,19
370000,-73,1451668745286,24
370000,-83,1451668745353,8
370000,-69,1451668745359,22
370000,-97,1451668745368,20
370000,-91,1451668745391,19
370000,-74,1451668745400,24
370000,-92,1451668745406,1
370000,-69,1451668745456,22
370000,-82,1451668745460,8
370000,-98,1451668745486,20
370000,-90,1451668745495,19
370000,-74,1451668745498,24
370000,-92,1451668745502,1
370000,-82,1451668745565,8
370000,-90,1451668745601,19
370000,-74,1451668745611,24
370000,-82,1451668745660,8
370000,-92,1451668745699,19
370000,-92,1451668745703,1
370000,-74,1451668745707,24
370000,-69,1451668745784,22
370000,-92,1451668745795,19
370000,-92,1451668745812,1
370000,-70,1451668745816,24
370000,-64,1451668745870,8
370000,-73,1451668745914,24
370000,-68,1451668745978,22
370000,-91,1451668745997,19
370000,-92,1451668746002,1
370000,-73,1451668746017,24
370000,-68,1451668746076,22
370000,-81,1451668746102,8
370000,-96,1451668746112,20
370000,-91,1451668746123,1
370000,-74,1451668746143,24
370000,-68,1451668746181,22
370000,-82,1451668746216,8
370000,-91,1451668746227,19
370000,-91,1451668746236,1
370000,-73,1451668746240,24
370000,-64,1451668746287,22
370000,-74,1451668746319,24
370000,-68,1451668746391,22
370000,-82,1451668746401,8
370000,-92,1451668746453,19
370000,-97,1451668746458,20
370000,-72,1451668746461,24
370000,-66,1451668746499,22
370000,-89,1451668746530,19
370000,-96,1451668746532,1
370000,-72,1451668746535,24
370000,-66,1451668746601,22
370000,-89,1451668746627,8
370000,-91,1451668746632,19
370000,-72,1451668746642,24
370000,-97,1451668746648,1
370000,-64,1451668746705,22
370000,-89,1451668746757,8
370000,-90,1451668746763,19
370000,-97,1451668746770,1
370000,-72,1451668746776,24
370000,-67,1451668746813,22
370000,-90,1451668746830,8
370000,-91,1451668746843,19
370000,-98,1451668746847,1
370000,-72,1451668746863,24
370000,-66,1451668746915,22
370000,-90,1451668746943,8
370000,-90,1451668746947,19
370000,-97,1451668746951,1
370000,-72,1451668746964,24
370000,-89,1451668747024,8
370000,-67,1451668747047,22
370000,-90,1451668747055,19
370000,-72,1451668747071,24
370000,-66,1451668747151,22
370000,-90,1451668747159,8
370000,-91,1451668747163,19
370000,-72,1451668747185,24
370000,-66,1451668747250,22
370000,-90,1451668747266,8
370000,-92,1451668747270,19
370000,-72,1451668747290,24
370000,-90,1451668747342,8
370000,-88,1451668747368,19
370000,-73,1451668747394,24
370000,-89,1451668747447,8
370000,-64,1451668747451,22
370000,-97,1451668747467,1
370000,-90,1451668747496,19
370000,-73,1451668747500,24
370000,-90,1451668747560,8
370000,-64,1451668747583,22
370000,-89,1451668747673,8
370000,-64,1451668747677,22
370000,-98,1451668747681,1
370000,-89,1451668747772,8
370000,-64,1451668747779,22
370000,-99,1451668747784,1
370000,-90,1451668747872,8
370000,-66,1451668747881,22
370000,-99,1451668747903,1
370000,-91,1451668747908,19
370000,-73,1451668747912,24
370000,-97,1451668747986,1
370000,-91,1451668748015,19
370000,-72,1451668748019,24
370000,-67,1451668748088,22
370000,-90,1451668748091,8
370000,-90,1451668748112,19
370000,-72,1451668748119,24
370000,-89,1451668748203,8
370000,-64,1451668748209,22
370000,-96,1451668748214,1
370000,-90,1451668748244,19
370000,-72,1451668748249,24
370000,-89,1451668748297,8
370000,-98,1451668748302,1
370000,-92,1451668748321,19
370000,-72,1451668748325,24
370000,-89,1451668748390,8
370000,-91,1451668748419,19
370000,-72,1451668748426,24
370000,-64,1451668748497,22
370000,-97,1451668748534,1
370000,-72,1451668748539,24
370000,-92,1451668748543,19
370000,-67,1451668748604,22
370000,-97,1451668748628,1
370000,-92,1451668748634,19
370000,-73,1451668748663,24
370000,-67,1451668748730,22
370000,-96,1451668748739,1
370000,-91,1451668748744,19
370000,-72,1451668748762,24
370000,-88,1451668748834,8
370000,-67,1451668748838,22
370000,-98,1451668748842,1
370000,-100,1451668748850,20
370000,-92,1451668748854,19
370000,-73,1451668748873,24
370000,-90,1451668748918,8
370000,-64,1451668748939,22
370000,-92,1451668748942,19
370000,-72,1451668748956,24
370000,-97,1451668749021,1
370000,-89,1451668749039,8
370000,-67,1451668749042,22
370000,-92,1451668749044,19
370000,-72,1451668749066,24
370000,-88,1451668749127,8
370000,-64,1451668749163,22
370000,-93,1451668749166,19
370000,-72,1451668749175,24
370000,-89,1451668749231,8
370000,-67,1451668749258,22
370000,-92,1451668749263,19
370000,-72,1451668749276,24
370000,-95,1451668749343,1
370000,-67,1451668749349,22
370000,-92,1451668749369,19
370000,-73,1451668749396,24
370000,-89,1451668749449,8
370000,-97,1451668749454,1
370000,-92,1451668749482,19
370000,-72,1451668749500,24
370000,-64,1451668749551,22
370000,-97,1451668749555,1
370000,-91,1451668749580,19
370000,-73,1451668749611,24
370000,-88,1451668749663,8
370000,-64,1451668749667,22
370000,-92,1451668749701,19
370000,-72,1451668749706,24
370000,-89,1451668749763,8
370000,-66,1451668749767,22
370000,-101,1451668749796,20
370000,-92,1451668749804,19
370000,-72,1451668749829,24
370000,-89,1451668749863,8
370000,-96,1451668749869,1
370000,-64,1451668749898,22
370000,-100,1451668749903,20
370000,-92,1451668749906,19
370000,-72,1451668749931,24
370000,-89,1451668749961,8
370000,-67,1451668750002,22
370000,-91,1451668750006,19
370000,-73,1451668750029,24
370000,-88,1451668750065,8
370000,-98,1451668750096,1
370000,-64,1451668750100,22
370000,-92,1451668750104,19
370000,-72,1451668750136,24
370000,-88,1451668750166,8
370000,-64,1451668750198,22
370000,-98,1451668750204,20
370000,-73,1451668750230,24
370000,-88,1451668750283,8
370000,-64,1451668750317,22
370000,-98,1451668750345,20
370000,-72,1451668750352,24
370000,-88,1451668750387,8
370000,-97,1451668750407,1
370000,-66,1451668750409,22
370000,-92,1451668750423,19
370000,-72,1451668750441,24
370000,-88,1451668750487,8
370000,-64,1451668750504,22
370000,-97,1451668750507,1
370000,-91,1451668750520,19
370000,-72,1451668750537,24
370000,-89,1451668750588,8
370000,-66,1451668750610,22
370000,-92,1451668750613,19
370000,-72,1451668750639,24
370000,-89,1451668750695,8
370000,-92,1451668750727,19
370000,-72,1451668750752,24
370000,-88,1451668750827,8
370000,-64,1451668750837,22
370000,-96,1451668750841,1
370000,-92,1451668750847,19
370000,-73,1451668750864,24
370000,-89,1451668750926,8
370000,-66,1451668750931,22
370000,-92,1451668750935,19
370000,-98,1451668750938,1
370000,-102,1451668750959,20
370000,-72,1451668750964,24
370000,-89,1451668751027,8
370000,-66,1451668751032,22
370000,-97,1451668751036,1
370000,-73,1451668751060,24
370000,-88,1451668751127,8
370000,-66,1451668751131,22
370000,-92,1451668751162,19
370000,-99,1451668751167,1
370000,-73,1451668751172,24
370000,-89,1451668751230,8
370000,-64,1451668751235,22
370000,-92,1451668751239,19
370000,-97,1451668751260,1
370000,-89,1451668751331,8
370000,-66,1451668751342,22
370000,-91,1451668751362,19
370000,-73,1451668751382,24
370000,-75,1451668751478,24
370000,-68,1451668751534,22
370000,-75,1451668751577,24
370000,-64,1451668751646,22
370000,-75,1451668751708,24
370000,-68,1451668751754,22
370000,-75,1451668751783,24
370000,-64,1451668751848,22
370000,-76,1451668751913,24
370000,-64,1451668751951,22
370000,-76,1451668752026,24
370000,-68,1451668752083,22
370000,-76,1451668752112,24
370000,-68,1451668752156,22
370000,-76,1451668752211,24
370000,-64,1451668752257,22
370000,-76,1451668752314,24
370000,-64,1451668752376,22
370000,-75,1451668752423,24
370000,-64,1451668752473,22
370000,-75,1451668752539,24
370000,-68,1451668752574,22
370000,-76,1451668752637,24
370000,-68,1451668752677,22
370000,-76,1451668752758,24
370000,-68,1451668752780,22
370000,-75,1451668752849,24
370000,-68,1451668752883,22
370000,-76,1451668752956,24
370000,-68,1451668753013,22
370000,-75,1451668753060,24
370000,-68,1451668753091,22
370000,-76,1451668753164,24
370000,-68,1451668753191,22
370000,-75,1451668753266,24
370000,-64,1451668753301,22
370000,-75,1451668753374,24
370000,-68,1451668753427,22
370000,-76,1451668753477,24
370000,-64,1451668753514,22
370000,-76,1451668753580,24
370000,-67,1451668753622,22
370000,-76,1451668753687,24
370000,-67,1451668753726,22
370000,-76,1451668753790,24
370000,-76,1451668753899,24
370000,-68,1451668753932,22
370000,-76,1451668754001,24
370000,-68,1451668754041,22
370000,-77,1451668754111,24
370000,-64,1451668754144,22
370000,-64,1451668754253,22
370000,-78,1451668754317,24
370000,-68,1451668754359,22
370000,-81,1451668754426,24
370000,-68,1451668754465,22
370000,-86,1451668754532,24
370000,-69,1451668754590,22
370000,-95,1451668754636,8
370000,-80,1451668754644,24
370000,-64,1451668754679,22
370000,-82,1451668754748,24
370000,-68,1451668754787,22
370000,-79,1451668754845,24
370000,-68,1451668754898,22
370000,-81,1451668754972,24
370000,-64,1451668755007,22
370000,-83,1451668755052,24
370000,-68,1451668755109,22
370000,-94,1451668755176,8
370000,-68,1451668755209,22
370000,-68,1451668755329,22
370000,-78,1451668755382,24
370000,-68,1451668755417,22
370000,-76,1451668755471,24
370000,-68,1451668755520,22
370000,-76,1451668755575,24
370000,-68,1451668755621,22
370000,-76,1451668755693,24
370000,-69,1451668755739,22
370000,-74,1451668755793,24
370000,-68,1451668755833,22
370000,-76,1451668755894,24
370000,-68,1451668755939,22
370000,-75,1451668756001,24
370000,-68,1451668756062,22
370000,-76,1451668756103,24
370000,-68,1451668756141,22
370000,-75,1451668756242,24
370000,-69,1451668756252,22
370000,-75,1451668756321,24
370000,-68,1451668756359,22
370000,-72,1451668756426,24
370000,-79,1451668756430,8
370000,-69,1451668756480,22
370000,-97,1451668756509,20
370000,-91,1451668756514,1
370000,-72,1451668756547,24
370000,-83,1451668756551,8
370000,-69,1451668756571,22
370000,-97,1451668756604,20
370000,-83,1451668756654,8
370000,-69,1451668756671,22
370000,-97,1451668756712,20
370000,-92,1451668756716,1
370000,-83,1451668756743,8
370000,-72,1451668756747,24
370000,-69,1451668756771,22
370000,-92,1451668756812,1
370000,-79,1451668756844,8
370000,-93,1451668756867,19
370000,-69,1451668756885,22
370000,-98,1451668756908,20
370000,-92,1451668756912,1
370000,-83,1451668756950,8
370000,-72,1451668756954,24
370000,-93,1451668756967,19
370000,-69,1451668756985,22
370000,-92,1451668757026,1
370000,-82,1451668757058,8
370000,-72,1451668757062,24
370000,-92,1451668757082,19
370000,-69,1451668757087,22
370000,-72,1451668757170,24
370000,-79,1451668757178,8
370000,-92,1451668757204,19
370000,-69,1451668757215,22
370000,-92,1451668757247,1
370000,-72,1451668757272,24
370000,-84,1451668757275,8
370000,-93,1451668757298,19
370000,-96,1451668757334,20
370000,-92,1451668757338,1
370000,-79,1451668757370,8
370000,-72,1451668757374,24
370000,-92,1451668757394,19
370000,-69,1451668757398,22
370000,-92,1451668757438,1
370000,-71,1451668757476,24
370000,-82,1451668757478,8
370000,-69,1451668757505,22
370000,-97,1451668757534,20
370000,-92,1451668757553,1
370000,-72,1451668757569,24
370000,-79,1451668757589,8
370000,-69,1451668757607,22
370000,-92,1451668757610,19
370000,-96,1451668757636,20
370000,-92,1451668757659,1
370000,-82,1451668757690,8
370000,-93,1451668757713,19
370000,-69,1451668757719,22
370000,-97,1451668757750,20
370000,-92,1451668757774,1
370000,-72,1451668757804,24
370000,-83,1451668757809,8
370000,-97,1451668757850,20
370000,-92,1451668757870,1
370000,-72,1451668757907,24
370000,-83,1451668757912,8
370000,-92,1451668757933,19
370000,-69,1451668757938,22
370000,-97,1451668757965,20
370000,-92,1451668757969,1
370000,-82,1451668758021,8
370000,-72,1451668758025,24
370000,-93,1451668758039,19
370000,-69,1451668758043,22
370000,-92,1451668758070,1
370000,-98,1451668758075,20
370000,-92,1451668758136,19
370000,-69,1451668758153,22
370000,-98,1451668758187,20
370000,-92,1451668758191,1
370000,-83,1451668758220,8
370000,-72,1451668758226,24
370000,-91,1451668758253,19
370000,-93,1451668758275,1
370000,-92,1451668758349,19
370000,-69,1451668758371,22
370000,-71,1451668758443,24
370000,-83,1451668758447,8
370000,-91,1451668758470,19
370000,-70,1451668758474,22
370000,-98,1451668758503,20
370000,-91,1451668758508,1
370000,-72,1451668758538,24
370000,-79,1451668758543,8
370000,-93,1451668758570,19
370000,-92,1451668758603,1
370000,-72,1451668758640,24
370000,-83,1451668758650,8
370000,-69,1451668758677,22
370000,-93,1451668758681,19
370000,-96,1451668758703,20
370000,-92,1451668758707,1
370000,-72,1451668758735,24
370000,-83,1451668758740,8
370000,-92,1451668758777,19
370000,-92,1451668758805,1
370000,-72,1451668758842,24
370000,-83,1451668758847,8
370000,-92,1451668758881,19
370000,-69,1451668758886,22
370000,-92,1451668758919,1
370000,-71,1451668758954,24
370000,-83,1451668758961,8
370000,-93,1451668758989,19
370000,-97,1451668759021,20
370000,-93,1451668759032,1
370000,-71,1451668759056,24
370000,-83,1451668759060,8
370000,-92,1451668759153,1
370000,-72,1451668759157,24
370000,-83,1451668759165,8
370000,-69,1451668759197,22
370000,-92,1451668759219,19
370000,-97,1451668759224,20
370000,-91,1451668759248,1
370000,-71,1451668759255,24
370000,-83,1451668759276,8
370000,-70,1451668759320,22
370000,-93,1451668759326,19
370000,-96,1451668759343,20
370000,-91,1451668759355,1
370000,-72,1451668759360,24
370000,-79,1451668759375,8
370000,-70,1451668759408,22
370000,-96,1451668759435,20
370000,-72,1451668759469,24
370000,-92,1451668759474,1
370000,-83,1451668759478,8
370000,-92,1451668759539,19
370000,-69,1451668759543,22
370000,-96,1451668759547,20
370000,-92,1451668759570,1
370000,-83,1451668759574,8
370000,-69,1451668759617,22
370000,-93,1451668759622,19
370000,-98,1451668759641,20
370000,-91,1451668759671,1
370000,-83,1451668759676,8
370000,-92,1451668759731,19
370000,-69,1451668759735,22
370000,-95,1451668759753,20
370000,-72,1451668759785,24
370000,-91,1451668759789,1
370000,-83,1451668759794,8
370000,-92,1451668759840,19
370000,-70,1451668759844,22
370000,-97,1451668759872,20
370000,-72,1451668759882,24
370000,-92,1451668759891,1
370000,-83,1451668759913,8
370000,-92,1451668759941,19
370000,-97,1451668759973,20
370000,-72,1451668759977,24
370000,-92,1451668759999,1
370000,-83,1451668760006,8
370000,-69,1451668760041,22
370000,-92,1451668760045,19
370000,-96,1451668760076,20
370000,-72,1451668760083,24
370000,-92,1451668760102,1
370000,-83,1451668760107,8
370000,-69,1451668760148,22
370000,-97,1451668760169,20
370000,-72,1451668760201,24
370000,-92,1451668760206,1
370000,-79,1451668760210,8
370000,-93,1451668760269,19
370000,-69,1451668760275,22
370000,-95,1451668760279,20
370000,-72,1451668760304,24
370000,-91,1451668760309,1
370000,-79,1451668760313,8
370000,-92,1451668760357,19
370000,-69,1451668760388,22
370000,-96,1451668760397,20
370000,-92,1451668760419,1
370000,-79,1451668760426,8
370000,-93,1451668760460,19
370000,-69,1451668760489,22
370000,-97,1451668760494,20
370000,-71,1451668760518,24
370000,-83,1451668760522,8
370000,-92,1451668760563,19
370000,-70,1451668760585,22
370000,-96,1451668760590,20
370000,-72,1451668760638,24
370000,-91,1451668760640,1
370000,-79,1451668760642,8
370000,-92,1451668760662,19
370000,-69,1451668760685,22
370000,-99,1451668760702,20
370000,-72,1451668760737,24
370000,-92,1451668760741,1
370000,-83,1451668760745,8
370000,-92,1451668760770,19
370000,-95,1451668760807,20
370000,-72,1451668760836,24
370000,-91,1451668760844,1
370000,-83,1451668760848,8
370000,-49,1451668760898,22
370000,-87,1451668760906,20
370000,-71,1451668760936,24
370000,-91,1451668760941,1
370000,-82,1451668760967,8
370000,-90,1451668761007,19
370000,-68,1451668761016,22
370000,-71,1451668761043,24
370000,-91,1451668761047,1
370000,-82,1451668761067,8
370000,-91,1451668761085,19
370000,-68,1451668761124,22
370000,-96,1451668761132,20
370000,-70,1451668761153,24
370000,-83,1451668761158,8
370000,-92,1451668761186,19
370000,-69,1451668761229,22
370000,-91,1451668761257,1
370000,-71,1451668761261,24
370000,-82,1451668761284,8
370000,-91,1451668761301,19
370000,-69,1451668761337,22
370000,-96,1451668761343,20
370000,-92,1451668761372,1
370000,-71,1451668761376,24
370000,-82,1451668761380,8
370000,-90,1451668761404,19
370000,-65,1451668761438,22
370000,-100,1451668761473,1
370000,-70,1451668761477,24
370000,-89,1451668761481,8
370000,-90,1451668761508,19
370000,-65,1451668761542,22
370000,-69,1451668761573,24
370000,-89,1451668761603,8
370000,-91,1451668761637,19
370000,-65,1451668761642,22
370000,-89,1451668761683,8
370000,-90,1451668761716,19
370000,-65,1451668761750,22
370000,-70,1451668761793,24
370000,-90,1451668761819,8
370000,-92,1451668761824,19
370000,-64,1451668761855,22
370000,-97,1451668761891,1
370000,-70,1451668761901,24
370000,-89,1451668761929,8
370000,-91,1451668761933,19
370000,-66,1451668761955,22
370000,-98,1451668761993,1
370000,-67,1451668761996,24
370000,-89,1451668762023,8
370000,-92,1451668762049,19
370000,-64,1451668762063,22
370000,-71,1451668762094,24
370000,-90,1451668762110,8
370000,-91,1451668762142,19
370000,-66,1451668762167,22
370000,-96,1451668762181,1
370000,-70,1451668762194,24
370000,-90,1451668762210,8
370000,-91,1451668762243,19
370000,-64,1451668762279,22
370000,-99,1451668762295,1
370000,-67,1451668762298,24
370000,-89,1451668762314,8
370000,-91,1451668762348,19
370000,-66,1451668762370,22
370000,-100,1451668762397,1
370000,-70,1451668762401,24
370000,-89,1451668762422,8
370000,-92,1451668762451,19
370000,-66,1451668762477,22
370000,-67,1451668762499,24
370000,-91,1451668762537,8
370000,-91,1451668762564,19
370000,-64,1451668762587,22
370000,-100,1451668762613,1
370000,-92,1451668762665,19
370000,-64,1451668762688,22
370000,-71,1451668762741,24
370000,-91,1451668762749,8
370000,-92,1451668762774,19
370000,-64,1451668762801,22
370000,-67,1451668762834,24
370000,-90,1451668762842,8
370000,-92,1451668762881,19
370000,-64,1451668762903,22
370000,-67,1451668762937,24
370000,-99,1451668762946,1
370000,-90,1451668762950,8
370000,-91,1451668762984,19
370000,-66,1451668763018,22
370000,-71,1451668763028,24
370000,-90,1451668763055,8
370000,-93,1451668763101,19
370000,-65,1451668763134,22
370000,-64,1451668763218,22
370000,-71,1451668763252,24
370000,-90,1451668763260,8
370000,-92,1451668763303,19
370000,-64,1451668763333,22
370000,-70,1451668763382,24
370000,-89,1451668763394,8
370000,-91,1451668763412,19
370000,-66,1451668763435,22
370000,-70,1451668763474,24
370000,-90,1451668763478,8
370000,-102,1451668763482,1
370000,-91,1451668763514,19
370000,-64,1451668763538,22
370000,-70,1451668763566,24
370000,-98,1451668763570,1
370000,-90,1451668763575,8
370000,-91,1451668763636,19
370000,-64,1451668763667,22
370000,-70,1451668763677,24
370000,-98,1451668763683,1
370000,-89,1451668763700,8
370000,-92,1451668763737,19
370000,-70,1451668763761,24
370000,-97,1451668763766,1
370000,-89,1451668763790,8
370000,-91,1451668763831,19
370000,-70,1451668763856,24
370000,-89,1451668763891,8
370000,-92,1451668763934,19
370000,-64,1451668763970,22
370000,-70,1451668763977,24
370000,-90,1451668763982,8
370000,-100,1451668763988,1
370000,-92,1451668764037,19
370000,-67,1451668764065,22
370000,-69,1451668764084,24
370000,-88,1451668764088,8
370000,-96,1451668764093,1
370000,-92,1451668764140,19
370000,-71,1451668764201,24
370000,-98,1451668764206,1
370000,-91,1451668764244,19
370000,-64,1451668764273,22
370000,-89,1451668764307,8
370000,-70,1451668764312,24
370000,-100,1451668764315,1
370000,-91,1451668764347,19
370000,-66,1451668764370,22
370000,-67,1451668764404,24
370000,-98,1451668764408,1
370000,-94,1451668764450,19
370000,-66,1451668764504,22
370000,-91,1451668764508,8
370000,-70,1451668764515,24
370000,-99,1451668764536,1
370000,-93,1451668764566,19
370000,-66,1451668764584,22
370000,-90,1451668764616,8
370000,-93,1451668764657,19
370000,-89,1451668764696,8
370000,-71,1451668764728,24
370000,-94,1451668764763,19
370000,-64,1451668764803,22
370000,-91,1451668764809,8
370000,-97,1451668764837,1
370000,-95,1451668764869,19
370000,-66,1451668764900,22
370000,-94,1451668764906,8
370000,-98,1451668764943,1
370000,-94,1451668764971,19
370000,-66,1451668765008,22
370000,-91,1451668765032,8
370000,-71,1451668765041,24
370000,-99,1451668765045,1
370000,-96,1451668765072,19
370000,-66,1451668765105,22
370000,-71,1451668765136,24
370000,-92,1451668765183,19
370000,-89,1451668765217,8
370000,-72,1451668765249,24
370000,-92,1451668765283,19
370000,-99,1451668765322,20
370000,-66,1451668765334,22
370000,-90,1451668765340,8
370000,-71,1451668765345,24
370000,-96,1451668765389,19
370000,-63,1451668765415,22
370000,-90,1451668765448,8
370000,-98,1451668765453,1
370000,-95,1451668765481,19
370000,-89,1451668765525,8
370000,-71,1451668765554,24
370000,-96,1451668765568,1
370000,-94,1451668765600,19
370000,-64,1451668765625,22
370000,-89,1451668765646,8
370000,-71,1451668765650,24
370000,-97,1451668765657,1
370000,-96,1451668765698,19
370000,-67,1451668765727,22
370000,-90,1451668765753,8
370000,-72,1451668765762,24
370000,-93,1451668765809,19
370000,-64,1451668765842,22
370000,-90,1451668765846,8
370000,-72,1451668765863,24
370000,-94,1451668765901,19
370000,-64,1451668765967,22
370000,-88,1451668765975,8
370000,-71,1451668765983,24
370000,-93,1451668766004,19
370000,-66,1451668766042,22
370000,-90,1451668766047,8
370000,-71,1451668766077,24
370000,-64,1451668766145,22
370000,-101,1451668766182,1
370000,-71,1451668766187,24
370000,-92,1451668766209,19
370000,-64,1451668766267,22
370000,-92,1451668766271,8
370000,-93,1451668766333,19
370000,-66,1451668766372,22
370000,-90,1451668766378,8
370000,-71,1451668766406,24
370000,-68,1451668766472,22
370000,-76,1451668766499,24
370000,-68,1451668766579,22
370000,-76,1451668766614,24
370000,-68,1451668766682,22
370000,-77,1451668766737,24
370000,-78,1451668766905,24
370000,-64,1451668767005,22
370000,-78,1451668767008,24
370000,-77,1451668767125,24
370000,-68,1451668767214,22
370000,-77,1451668767229,24
370000,-68,1451668767321,22
370000,-77,1451668767345,24
370000,-68,1451668767430,22
370000,-77,1451668767436,24
370000,-68,1451668767545,22
370000,-78,1451668767550,24
370000,-68,1451668767749,22
370000,-78,1451668767846,24
370000,-68,1451668767880,22
370000,-78,1451668767978,24
370000,-68,1451668767989,22
370000,-68,1451668768186,22
370000,-78,1451668768367,24
370000,-69,1451668768489,22
370000,-78,1451668768581,24
370000,-68,1451668768594,22
370000,-79,1451668768678,24
370000,-68,1451668768694,22
370000,-77,1451668768787,24
370000,-68,1451668768812,22
370000,-78,1451668768906,24
370000,-64,1451668768912,22
370000,-78,1451668768988,24
370000,-68,1451668769036,22
370000,-78,1451668769096,24
370000,-69,1451668769111,22
370000,-97,1451668769144,19
370000,-78,1451668769205,24
370000,-68,1451668769227,22
370000,-78,1451668769315,24
370000,-76,1451668769425,24
370000,-78,1451668769519,24
370000,-68,1451668769543,22
370000,-96,1451668769561,19
370000,-78,1451668769626,24
370000,-69,1451668769642,22
370000,-97,1451668769663,19
370000,-68,1451668769738,22
370000,-68,1451668769844,22
370000,-68,1451668769970,22
370000,-79,1451668770044,24
370000,-68,1451668770048,22
370000,-78,1451668770146,24
370000,-68,1451668770149,22
370000,-68,1451668770259,22
370000,-78,1451668770360,24
370000,-68,1451668770376,22
370000,-78,1451668770462,24
370000,-68,1451668770466,22
370000,-78,1451668770567,24
370000,-68,1451668770591,22
370000,-78,1451668770681,24
370000,-68,1451668770689,22
370000,-98,1451668770737,19
370000,-69,1451668770783,22
370000,-68,1451668770882,22
370000,-78,1451668770908,24
370000,-68,1451668770984,22
370000,-78,1451668771018,24
370000,-68,1451668771086,22
370000,-78,1451668771107,24
370000,-69,1451668771187,22
370000,-78,1451668771211,24
370000,-68,1451668771292,22
370000,-77,1451668771317,24
370000,-68,1451668771396,22
370000,-71,1451668771450,24
370000,-92,1451668771479,19
370000,-70,1451668771499,22
370000,-91,1451668771528,1
370000,-72,1451668771532,24
370000,-93,1451668771566,19
370000,-70,1451668771606,22
370000,-72,1451668771628,24
370000,-83,1451668771639,8
370000,-92,1451668771674,19
370000,-70,1451668771721,22
370000,-72,1451668771738,24
370000,-92,1451668771787,19
370000,-69,1451668771833,22
370000,-92,1451668771861,1
370000,-95,1451668771866,20
370000,-93,1451668771897,19
370000,-70,1451668771935,22
370000,-83,1451668771945,8
370000,-92,1451668771995,19
370000,-69,1451668772029,22
370000,-83,1451668772069,8
370000,-95,1451668772078,20
370000,-94,1451668772105,19
370000,-69,1451668772135,22
370000,-72,1451668772160,24
370000,-92,1451668772164,1
370000,-94,1451668772168,20
370000,-83,1451668772172,8
370000,-93,1451668772229,19
370000,-69,1451668772263,22
370000,-72,1451668772268,24
370000,-93,1451668772321,19
370000,-69,1451668772369,22
370000,-72,1451668772374,24
370000,-83,1451668772389,8
370000,-93,1451668772395,1
370000,-93,1451668772417,19
370000,-70,1451668772451,22
370000,-83,1451668772477,8
370000,-72,1451668772481,24
370000,-93,1451668772518,19
370000,-69,1451668772561,22
370000,-83,1451668772596,8
370000,-72,1451668772602,24
370000,-93,1451668772636,19
370000,-69,1451668772672,22
370000,-72,1451668772680,24
370000,-83,1451668772686,8
370000,-92,1451668772732,19
370000,-69,1451668772802,22
370000,-83,1451668772817,8
370000,-94,1451668772844,19
370000,-69,1451668772898,22
370000,-72,1451668772902,24
370000,-91,1451668772906,1
370000,-96,1451668772910,20
370000,-79,1451668772914,8
370000,-93,1451668772939,19
370000,-70,1451668772998,22
370000,-92,1451668773002,1
370000,-83,1451668773026,8
370000,-92,1451668773049,19
370000,-72,1451668773086,24
370000,-98,1451668773110,20
370000,-92,1451668773115,1
370000,-83,1451668773119,8
370000,-93,1451668773145,19
370000,-83,1451668773204,8
370000,-92,1451668773254,19
370000,-72,1451668773284,24
370000,-92,1451668773333,1
370000,-83,1451668773340,8
370000,-92,1451668773360,19
370000,-72,1451668773397,24
370000,-69,1451668773417,22
370000,-91,1451668773478,19
370000,-72,1451668773512,24
370000,-92,1451668773522,1
370000,-70,1451668773526,22
370000,-83,1451668773531,8
370000,-92,1451668773570,19
370000,-71,1451668773597,24
370000,-92,1451668773641,1
370000,-95,1451668773648,20
370000,-83,1451668773652,8
370000,-92,1451668773690,19
370000,-71,1451668773707,24
370000,-94,1451668773728,20
370000,-70,1451668773731,22
370000,-83,1451668773734,8
370000,-93,1451668773780,19
370000,-72,1451668773804,24
370000,-92,1451668773822,1
370000,-95,1451668773824,20
370000,-69,1451668773836,22
370000,-79,1451668773838,8
370000,-92,1451668773891,19
370000,-72,1451668773943,24
370000,-94,1451668773958,20
370000,-69,1451668773970,22
370000,-93,1451668774021,19
370000,-72,1451668774025,24
370000,-92,1451668774057,1
370000,-67,1451668774061,22
370000,-95,1451668774065,20
370000,-92,1451668774125,19
370000,-72,1451668774133,24
370000,-69,1451668774161,22
370000,-93,1451668774166,1
370000,-83,1451668774170,8
370000,-96,1451668774174,20
370000,-93,1451668774225,19
370000,-72,1451668774229,24
370000,-69,1451668774262,22
370000,-83,1451668774270,8
370000,-97,1451668774274,20
370000,-72,1451668774333,24
370000,-69,1451668774371,22
370000,-91,1451668774375,1
370000,-83,1451668774379,8
370000,-95,1451668774383,20
370000,-92,1451668774421,19
370000,-92,1451668774480,1
370000,-93,1451668774539,19
370000,-72,1451668774547,24
370000,-93,1451668774560,1
370000,-94,1451668774624,19
370000,-72,1451668774637,24
370000,-69,1451668774666,22
370000,-96,1451668774691,20
370000,-92,1451668774735,19
370000,-72,1451668774758,24
370000,-93,1451668774791,1
370000,-83,1451668774800,8
370000,-92,1451668774859,19
370000,-72,1451668774863,24
370000,-92,1451668774893,1
370000,-83,1451668774902,8
370000,-70,1451668774906,22
370000,-95,1451668774917,20
370000,-92,1451668774962,19
370000,-72,1451668774967,24
370000,-92,1451668774996,1
370000,-83,1451668775005,8
370000,-94,1451668775025,20
370000,-92,1451668775057,19
370000,-72,1451668775091,24
370000,-70,1451668775100,22
370000,-83,1451668775104,8
370000,-95,1451668775124,20
370000,-93,1451668775157,19
370000,-72,1451668775175,24
370000,-93,1451668775207,1
370000,-69,1451668775215,22
370000,-83,1451668775223,8
370000,-96,1451668775227,20
370000,-72,1451668775284,24
370000,-93,1451668775288,1
370000,-69,1451668775332,22
370000,-83,1451668775337,8
370000,-94,1451668775343,20
370000,-92,1451668775368,19
370000,-93,1451668775393,1
370000,-72,1451668775400,24
370000,-83,1451668775426,8
370000,-94,1451668775433,20
370000,-93,1451668775466,19
370000,-91,1451668775491,1
370000,-72,1451668775528,24
370000,-70,1451668775532,22
370000,-84,1451668775536,8
370000,-95,1451668775540,20
370000,-92,1451668775569,19
370000,-93,1451668775603,1
370000,-72,1451668775630,24
370000,-83,1451668775639,8
370000,-93,1451668775675,19
370000,-93,1451668775721,1
370000,-69,1451668775727,22
370000,-79,1451668775741,8
370000,-92,1451668775780,19
370000,-92,1451668775812,1
370000,-69,1451668775826,22
370000,-79,1451668775857,8
370000,-95,1451668775861,20
370000,-54,1451668775925,24
370000,-72,1451668775928,1
370000,-69,1451668775932,22
370000,-82,1451668775947,8
370000,-93,1451668775972,20
370000,-91,1451668775989,19
370000,-71,1451668776025,24
370000,-92,1451668776028,1
370000,-69,1451668776031,22
370000,-82,1451668776044,8
370000,-92,1451668776081,20
370000,-93,1451668776113,19
370000,-71,1451668776123,24
370000,-88,1451668776150,1
370000,-69,1451668776156,22
370000,-82,1451668776163,8
370000,-93,1451668776186,20
370000,-92,1451668776211,19
370000,-71,1451668776246,24
370000,-91,1451668776254,1
370000,-69,1451668776273,22
370000,-82,1451668776278,8
370000,-94,1451668776282,20
370000,-91,1451668776304,19
370000,-71,1451668776360,24
370000,-92,1451668776365,1
370000,-68,1451668776373,22
370000,-82,1451668776377,8
370000,-92,1451668776395,20
370000,-92,1451668776424,19
370000,-70,1451668776459,24
370000,-65,1451668776464,22
370000,-87,1451668776468,8
370000,-93,1451668776513,19
370000,-70,1451668776548,24
370000,-97,1451668776553,1
370000,-65,1451668776577,22
370000,-89,1451668776582,8
370000,-92,1451668776618,19
370000,-70,1451668776673,24
370000,-99,1451668776678,1
370000,-64,1451668776682,22
370000,-88,1451668776689,8
370000,-92,1451668776747,19
370000,-70,1451668776756,24
370000,-65,1451668776778,22
370000,-89,1451668776784,8
370000,-71,1451668776879,24
370000,-66,1451668776886,22
370000,-93,1451668776935,19
370000,-67,1451668776966,24
370000,-97,1451668776970,1
370000,-64,1451668776993,22
370000,-90,1451668776998,8
370000,-94,1451668777043,19
370000,-71,1451668777080,24
370000,-64,1451668777106,22
370000,-90,1451668777115,8
370000,-95,1451668777150,19
370000,-71,1451668777175,24
370000,-66,1451668777206,22
370000,-89,1451668777211,8
370000,-92,1451668777263,19
370000,-99,1451668777302,1
370000,-71,1451668777308,24
370000,-66,1451668777313,22
370000,-89,1451668777329,8
370000,-93,1451668777364,19
370000,-71,1451668777392,24
370000,-66,1451668777424,22
370000,-89,1451668777428,8
370000,-93,1451668777490,19
370000,-100,1451668777499,1
370000,-72,1451668777503,24
370000,-64,1451668777523,22
370000,-89,1451668777529,8
370000,-92,1451668777589,19
370000,-100,1451668777598,1
370000,-71,1451668777616,24
370000,-66,1451668777621,22
370000,-89,1451668777644,8
370000,-93,1451668777674,19
370000,-100,1451668777710,1
370000,-71,1451668777715,24
370000,-64,1451668777734,22
370000,-89,1451668777738,8
370000,-93,1451668777776,19
370000,-71,1451668777809,24
370000,-64,1451668777842,22
370000,-89,1451668777847,8
370000,-100,1451668777873,20
370000,-93,1451668777880,19
370000,-100,1451668777918,1
370000,-71,1451668777936,24
370000,-66,1451668777941,22
370000,-89,1451668777961,8
370000,-96,1451668777996,19
370000,-98,1451668778028,1
370000,-71,1451668778038,24
370000,-66,1451668778057,22
370000,-89,1451668778061,8
370000,-94,1451668778096,19
370000,-66,1451668778141,22
370000,-89,1451668778174,8
370000,-94,1451668778211,19
370000,-100,1451668778245,1
370000,-66,1451668778249,22
370000,-90,1451668778274,8
370000,-98,1451668778279,20
370000,-71,1451668778320,24
370000,-66,1451668778341,22
370000,-93,1451668778411,19
370000,-72,1451668778445,24
370000,-66,1451668778448,22
370000,-90,1451668778473,8
370000,-94,1451668778505,19
370000,-71,1451668778533,24
370000,-101,1451668778552,1
370000,-66,1451668778556,22
370000,-89,1451668778578,8
370000,-94,1451668778607,19
370000,-71,1451668778635,24
370000,-63,1451668778659,22
370000,-89,1451668778693,8
370000,-94,1451668778731,19
370000,-71,1451668778756,24
370000,-97,1451668778778,1
370000,-64,1451668778783,22
370000,-93,1451668778817,19
370000,-72,1451668778850,24
370000,-98,1451668778873,1
370000,-89,1451668778907,8
370000,-93,1451668778939,19
370000,-71,1451668778946,24
370000,-66,1451668779009,22
370000,-90,1451668779014,8
370000,-94,1451668779043,19
370000,-72,1451668779075,24
370000,-98,1451668779079,1
370000,-66,1451668779106,22
370000,-89,1451668779110,8
370000,-95,1451668779137,19
370000,-71,1451668779178,24
370000,-99,1451668779181,1
370000,-64,1451668779208,22
370000,-89,1451668779213,8
370000,-93,1451668779245,19
370000,-71,1451668779278,24
370000,-98,1451668779283,1
370000,-89,1451668779310,8
370000,-94,1451668779348,19
370000,-71,1451668779379,24
370000,-99,1451668779411,1
370000,-64,1451668779417,22
370000,-88,1451668779439,8
370000,-94,1451668779493,19
370000,-71,1451668779502,24
370000,-99,1451668779510,1
370000,-64,1451668779531,22
370000,-90,1451668779536,8
370000,-94,1451668779578,19
370000,-66,1451668779606,22
370000,-89,1451668779638,8
370000,-93,1451668779688,19
370000,-71,1451668779697,24
370000,-64,1451668779716,22
370000,-90,1451668779738,8
370000,-93,1451668779775,19
370000,-70,1451668779818,24
370000,-99,1451668779822,1
370000,-64,1451668779829,22
370000,-90,1451668779847,8
370000,-92,1451668779875,19
370000,-71,1451668779910,24
370000,-98,1451668779914,1
370000,-66,1451668779938,22
370000,-90,1451668779943,8
370000,-92,1451668779982,19
370000,-71,1451668780013,24
370000,-89,1451668780046,8
370000,-94,1451668780087,19
370000,-99,1451668780136,1
370000,-71,1451668780145,24
370000,-66,1451668780149,22
370000,-89,1451668780168,8
370000,-94,1451668780223,19
370000,-72,1451668780243,24
370000,-64,1451668780247,22
370000,-90,1451668780263,8
370000,-94,1451668780305,19
370000,-96,1451668780338,1
370000,-66,1451668780343,22
370000,-91,1451668780364,8
370000,-93,1451668780421,19
370000,-70,1451668780455,24
370000,-64,1451668780464,22
370000,-89,1451668780467,8
370000,-92,1451668780521,19
370000,-66,1451668780540,22
370000,-88,1451668780589,8
370000,-96,1451668780613,20
370000,-94,1451668780643,19
370000,-71,1451668780672,24
370000,-66,1451668780678,22
370000,-89,1451668780682,8
370000,-99,1451668780705,20
370000,-94,1451668780739,19
370000,-70,1451668780780,24
370000,-98,1451668780789,1
370000,-89,1451668780796,8
370000,-98,1451668780833,20
370000,-92,1451668780847,19
370000,-95,1451668780901,20
370000,-92,1451668780926,19
370000,-64,1451668780966,22
370000,-71,1451668780968,24
370000,-89,1451668780981,8
370000,-98,1451668781011,20
370000,-92,1451668781033,19
370000,-66,1451668781068,22
370000,-72,1451668781072,24
370000,-89,1451668781088,8
370000,-101,1451668781127,20
370000,-90,1451668781145,19
370000,-64,1451668781172,22
370000,-71,1451668781193,24
370000,-89,1451668781197,8
370000,-94,1451668781235,19
370000,-64,1451668781280,22
370000,-88,1451668781305,8
370000,-100,1451668781344,20
370000,-93,1451668781348,19
370000,-66,1451668781392,22
370000,-99,1451668781396,1
370000,-71,1451668781400,24
370000,-68,1451668781491,22
370000,-73,1451668781529,24
370000,-97,1451668781558,19
370000,-68,1451668781588,22
370000,-76,1451668781620,24
370000,-68,1451668781693,22
370000,-75,1451668781721,24
370000,-69,1451668781795,22
370000,-74,1451668781821,24
370000,-68,1451668781943,22
370000,-76,1451668781952,24
370000,-68,1451668782013,22
370000,-75,1451668782042,24
370000,-68,1451668782154,22
370000,-75,1451668782165,24
370000,-68,1451668782221,22
370000,-77,1451668782273,24
370000,-68,1451668782322,22
370000,-75,1451668782355,24
370000,-68,1451668782425,22
370000,-75,1451668782457,24
370000,-68,1451668782527,22
370000,-75,1451668782563,24
370000,-68,1451668782634,22
370000,-76,1451668782657,24
370000,-68,1451668782742,22
370000,-68,1451668782841,22
370000,-75,1451668782873,24
370000,-98,1451668782922,19
370000,-68,1451668782967,22
370000,-76,1451668782972,24
370000,-68,1451668783049,22
370000,-75,1451668783070,24
370000,-69,1451668783169,22
370000,-75,1451668783178,24
370000,-68,1451668783257,22
370000,-75,1451668783290,24
370000,-68,1451668783365,22
370000,-68,1451668783467,22
370000,-75,1451668783491,24
370000,-68,1451668783571,22
370000,-69,1451668783679,22
370000,-75,1451668783729,24
370000,-69,1451668783790,22
370000,-75,1451668783819,24
370000,-98,1451668783847,19
370000,-68,1451668783898,22
370000,-76,1451668783935,24
370000,-68,1451668784003,22
370000,-75,1451668784037,24
370000,-68,1451668784123,22
370000,-75,1451668784129,24
370000,-68,1451668784205,22
370000,-68,1451668784310,22
370000,-75,1451668784340,24
370000,-68,1451668784430,22
370000,-75,1451668784474,24
370000,-68,1451668784534,22
370000,-76,1451668784536,24
370000,-68,1451668784625,22
370000,-76,1451668784649,24
370000,-64,1451668784727,22
370000,-76,1451668784759,24
370000,-68,1451668784835,22
370000,-75,1451668784851,24
370000,-68,1451668784945,22
370000,-76,1451668784966,24
370000,-69,1451668785058,22
370000,-76,1451668785189,24
370000,-64,1451668785198,22
370000,-76,1451668785276,24
370000,-76,1451668785383,24
370000,-68,1451668785386,22
370000,-76,1451668785476,24
370000,-68,1451668785520,22
370000,-76,1451668785579,24
370000,-68,1451668785600,22
370000,-76,1451668785688,24
370000,-68,1451668785691,22
370000,-76,1451668785794,24
370000,-68,1451668785797,22
370000,-68,1451668785916,22
370000,-68,1451668786012,22
370000,-75,1451668786108,24
370000,-68,1451668786216,22
370000,-68,1451668786322,22
370000,-76,1451668786341,24
370000,-92,1451668786436,1
370000,-70,1451668786438,22
370000,-83,1451668786440,8
370000,-71,1451668786441,24
370000,-91,1451668786455,19
370000,-94,1451668786515,20
370000,-92,1451668786533,1
370000,-72,1451668786547,24
370000,-92,1451668786565,19
370000,-90,1451668786650,1
370000,-83,1451668786657,8
370000,-70,1451668786662,22
370000,-92,1451668786696,19
370000,-93,1451668786731,20
370000,-93,1451668786753,1
370000,-70,1451668786758,22
370000,-83,1451668786761,8
370000,-71,1451668786765,24
370000,-93,1451668786787,19
370000,-94,1451668786818,20
370000,-69,1451668786854,22
370000,-92,1451668786859,1
370000,-71,1451668786863,24
370000,-94,1451668786888,19
370000,-94,1451668786928,20
370000,-70,1451668786956,22
370000,-83,1451668786963,8
370000,-71,1451668786967,24
370000,-92,1451668787017,19
370000,-93,1451668787045,20
370000,-69,1451668787071,22
370000,-79,1451668787076,8
370000,-92,1451668787080,1
370000,-72,1451668787083,24
370000,-92,1451668787105,19
370000,-94,1451668787147,20
370000,-83,1451668787172,8
370000,-88,1451668787177,1
370000,-72,1451668787200,24
370000,-92,1451668787239,19
370000,-94,1451668787271,20
370000,-71,1451668787290,24
370000,-93,1451668787320,19
370000,-93,1451668787364,20
370000,-83,1451668787389,8
370000,-91,1451668787394,1
370000,-70,1451668787398,22
370000,-72,1451668787417,24
370000,-92,1451668787421,19
370000,-93,1451668787485,20
370000,-83,1451668787490,8
370000,-70,1451668787495,22
370000,-71,1451668787520,24
370000,-93,1451668787526,19
370000,-93,1451668787585,20
370000,-83,1451668787590,8
370000,-70,1451668787594,22
370000,-92,1451668787617,1
370000,-71,1451668787622,24
370000,-93,1451668787650,19
370000,-93,1451668787704,20
370000,-83,1451668787709,8
370000,-70,1451668787713,22
370000,-92,1451668787716,1
370000,-71,1451668787726,24
370000,-92,1451668787742,19
370000,-94,1451668787803,20
370000,-83,1451668787809,8
370000,-70,1451668787814,22
370000,-72,1451668787838,24
370000,-91,1451668787842,19
370000,-83,1451668787893,8
370000,-70,1451668787922,22
370000,-91,1451668787927,1
370000,-71,1451668787934,24
370000,-93,1451668787953,19
370000,-93,1451668787999,20
370000,-83,1451668788018,8
370000,-70,1451668788024,22
370000,-91,1451668788029,1
370000,-71,1451668788051,24
370000,-92,1451668788055,19
370000,-94,1451668788118,20
370000,-83,1451668788127,8
370000,-92,1451668788131,1
370000,-72,1451668788152,24
370000,-93,1451668788156,19
370000,-96,1451668788223,20
370000,-83,1451668788227,8
370000,-92,1451668788231,1
370000,-70,1451668788239,22
370000,-72,1451668788261,24
370000,-92,1451668788266,19
370000,-91,1451668788312,20
370000,-83,1451668788332,8
370000,-69,1451668788334,22
370000,-72,1451668788346,24
370000,-92,1451668788362,19
370000,-93,1451668788410,20
370000,-83,1451668788429,8
370000,-70,1451668788431,22
370000,-72,1451668788454,24
370000,-94,1451668788519,20
370000,-83,1451668788534,8
370000,-70,1451668788539,22
370000,-72,1451668788569,24
370000,-95,1451668788645,20
370000,-83,1451668788659,8
370000,-93,1451668788662,1
370000,-69,1451668788665,22
370000,-71,1451668788678,24
370000,-92,1451668788685,19
370000,-93,1451668788718,20
370000,-91,1451668788747,1
370000,-70,1451668788749,22
370000,-72,1451668788773,24
370000,-92,1451668788777,19
370000,-94,1451668788816,20
370000,-70,1451668788840,22
370000,-91,1451668788868,1
370000,-71,1451668788899,24
370000,-92,1451668788903,19
370000,-95,1451668788929,20
370000,-83,1451668788949,8
370000,-70,1451668788953,22
370000,-91,1451668788958,1
370000,-71,1451668788984,24
370000,-92,1451668788990,19
370000,-94,1451668789033,20
370000,-83,1451668789066,8
370000,-70,1451668789070,22
370000,-91,1451668789109,1
370000,-72,1451668789130,24
370000,-92,1451668789137,19
370000,-95,1451668789159,20
370000,-83,1451668789163,8
370000,-70,1451668789180,22
370000,-71,1451668789210,24
370000,-92,1451668789214,19
370000,-93,1451668789252,20
370000,-83,1451668789257,8
370000,-70,1451668789283,22
370000,-92,1451668789287,1
370000,-71,1451668789305,24
370000,-91,1451668789331,19
370000,-93,1451668789346,20
370000,-69,1451668789377,22
370000,-92,1451668789380,1
370000,-71,1451668789408,24
370000,-92,1451668789428,19
370000,-92,1451668789449,20
370000,-83,1451668789453,8
370000,-70,1451668789476,22
370000,-91,1451668789479,1
370000,-72,1451668789511,24
370000,-91,1451668789532,19
370000,-94,1451668789563,20
370000,-83,1451668789569,8
370000,-92,1451668789596,1
370000,-72,1451668789620,24
370000,-92,1451668789651,19
370000,-94,1451668789683,20
370000,-83,1451668789688,8
370000,-93,1451668789693,1
370000,-70,1451668789716,22
370000,-71,1451668789750,24
370000,-93,1451668789755,19
370000,-94,1451668789787,20
370000,-83,1451668789792,8
370000,-70,1451668789809,22
370000,-92,1451668789813,1
370000,-94,1451668789884,20
370000,-79,1451668789888,8
370000,-70,1451668789918,22
370000,-72,1451668789967,24
370000,-83,1451668789993,8
370000,-70,1451668790000,22
370000,-92,1451668790004,1
370000,-71,1451668790044,24
370000,-92,1451668790049,19
370000,-93,1451668790094,20
370000,-79,1451668790098,8
370000,-70,1451668790119,22
370000,-92,1451668790125,1
370000,-72,1451668790149,24
370000,-92,1451668790155,19
370000,-83,1451668790199,8
370000,-70,1451668790233,22
370000,-91,1451668790238,1
370000,-71,1451668790267,24
370000,-92,1451668790272,19
370000,-83,1451668790303,8
370000,-94,1451668790307,20
370000,-70,1451668790332,22
370000,-72,1451668790371,24
370000,-91,1451668790376,19
370000,-83,1451668790407,8
370000,-94,1451668790433,20
370000,-92,1451668790443,1
370000,-91,1451668790471,19
370000,-83,1451668790517,8
370000,-95,1451668790522,20
370000,-69,1451668790549,22
370000,-92,1451668790553,1
370000,-93,1451668790584,19
370000,-83,1451668790620,8
370000,-94,1451668790628,20
370000,-69,1451668790654,22
370000,-92,1451668790658,1
370000,-93,1451668790684,19
370000,-72,1451668790688,24
370000,-83,1451668790716,8
370000,-92,1451668790753,20
370000,-91,1451668790757,1
370000,-69,1451668790761,22
370000,-93,1451668790790,19
370000,-72,1451668790796,24
370000,-83,1451668790828,8
370000,-93,1451668790851,20
370000,-69,1451668790857,22
370000,-93,1451668790861,1
370000,-66,1451668790916,8
370000,-91,1451668790951,20
370000,-68,1451668790959,22
370000,-89,1451668790964,1
370000,-92,1451668790985,19
370000,-70,1451668791022,24
370000,-82,1451668791031,8
370000,-93,1451668791053,20
370000,-68,1451668791085,22
370000,-91,1451668791093,19
370000,-83,1451668791124,8
370000,-93,1451668791151,20
370000,-69,1451668791183,22
370000,-91,1451668791188,1
370000,-91,1451668791225,19
370000,-72,1451668791231,24
370000,-83,1451668791241,8
370000,-92,1451668791264,20
370000,-69,1451668791266,22
370000,-91,1451668791277,1
370000,-90,1451668791296,19
370000,-71,1451668791313,24
370000,-83,1451668791332,8
370000,-93,1451668791354,20
370000,-68,1451668791377,22
370000,-92,1451668791393,1
370000,-89,1451668791410,19
370000,-71,1451668791412,24
370000,-86,1451668791430,8
370000,-63,1451668791473,22
370000,-90,1451668791507,19
370000,-71,1451668791512,24
370000,-86,1451668791539,8
370000,-63,1451668791577,22
370000,-95,1451668791601,1
370000,-93,1451668791634,19
370000,-70,1451668791638,24
370000,-88,1451668791668,8
370000,-97,1451668791674,20
370000,-65,1451668791703,22
370000,-94,1451668791737,19
370000,-71,1451668791744,24
370000,-89,1451668791773,8
370000,-66,1451668791803,22
370000,-94,1451668791834,19
370000,-71,1451668791839,24
370000,-90,1451668791870,8
370000,-66,1451668791908,22
370000,-93,1451668791939,19
370000,-89,1451668791970,8
370000,-98,1451668791993,20
370000,-66,1451668792016,22
370000,-93,1451668792041,19
370000,-67,1451668792045,24
370000,-88,1451668792066,8
370000,-63,1451668792134,22
370000,-93,1451668792166,19
370000,-71,1451668792170,24
370000,-87,1451668792175,8
370000,-66,1451668792213,22
370000,-71,1451668792266,24
370000,-88,1451668792270,8
370000,-64,1451668792315,22
370000,-94,1451668792358,19
370000,-71,1451668792384,24
370000,-89,1451668792388,8
370000,-66,1451668792421,22
370000,-94,1451668792462,19
370000,-71,1451668792487,24
370000,-89,1451668792491,8
370000,-64,1451668792521,22
370000,-94,1451668792576,19
370000,-71,1451668792579,24
370000,-89,1451668792592,8
370000,-66,1451668792628,22
370000,-98,1451668792665,1
370000,-93,1451668792676,19
370000,-71,1451668792679,24
370000,-89,1451668792693,8
370000,-64,1451668792737,22
370000,-92,1451668792777,19
370000,-71,1451668792782,24
370000,-90,1451668792803,8
370000,-64,1451668792846,22
370000,-94,1451668792900,19
370000,-89,1451668792906,8
370000,-67,1451668792950,22
370000,-94,1451668792991,19
370000,-71,1451668792999,24
370000,-102,1451668793021,1
370000,-89,1451668793032,8
370000,-66,1451668793056,22
370000,-93,1451668793082,19
370000,-71,1451668793098,24
370000,-102,1451668793100,1
370000,-89,1451668793115,8
370000,-66,1451668793166,22
370000,-94,1451668793187,19
370000,-102,1451668793215,1
370000,-89,1451668793227,8
370000,-64,1451668793270,22
370000,-94,1451668793320,19
370000,-72,1451668793341,24
370000,-99,1451668793348,1
370000,-99,1451668793357,20
370000,-89,1451668793360,8
370000,-64,1451668793379,22
370000,-94,1451668793409,19
370000,-72,1451668793411,24
370000,-89,1451668793437,8
370000,-63,1451668793476,22
370000,-93,1451668793513,19
370000,-72,1451668793516,24
370000,-90,1451668793538,8
370000,-66,1451668793581,22
370000,-93,1451668793613,19
370000,-97,1451668793633,1
370000,-72,1451668793637,24
370000,-91,1451668793664,8
370000,-66,1451668793685,22
370000,-94,1451668793719,19
370000,-98,1451668793735,1
370000,-72,1451668793740,24
370000,-90,1451668793764,8
370000,-63,1451668793784,22
370000,-93,1451668793851,19
370000,-98,1451668793857,1
370000,-91,1451668793883,8
370000,-64,1451668793919,22
370000,-72,1451668793957,24
370000,-98,1451668793962,1
370000,-89,1451668793981,8
370000,-66,1451668794017,22
370000,-92,1451668794050,19
370000,-72,1451668794055,24
370000,-97,1451668794059,1
370000,-100,1451668794083,20
370000,-66,1451668794117,22
370000,-93,1451668794144,19
370000,-98,1451668794148,1
370000,-96,1451668794166,20
370000,-89,1451668794172,8
370000,-66,1451668794205,22
370000,-93,1451668794244,19
370000,-73,1451668794266,24
370000,-98,1451668794275,1
370000,-98,1451668794279,20
370000,-90,1451668794301,8
370000,-64,1451668794332,22
370000,-71,1451668794368,24
370000,-100,1451668794372,1
370000,-99,1451668794397,20
370000,-90,1451668794402,8
370000,-67,1451668794433,22
370000,-71,1451668794464,24
370000,-92,1451668794469,19
370000,-89,1451668794496,8
370000,-66,1451668794525,22
370000,-72,1451668794548,24
370000,-92,1451668794566,19
370000,-101,1451668794585,20
370000,-66,1451668794626,22
370000,-72,1451668794680,24
370000,-89,1451668794699,8
370000,-64,1451668794736,22
370000,-71,1451668794764,24
370000,-64,1451668794842,22
370000,-71,1451668794900,24
370000,-92,1451668794908,19
370000,-98,1451668794912,20
370000,-90,1451668794933,8
370000,-92,1451668795005,19
370000,-99,1451668795026,20
370000,-90,1451668795030,8
370000,-66,1451668795060,22
370000,-72,1451668795088,24
370000,-93,1451668795114,19
370000,-90,1451668795119,8
370000,-66,1451668795169,22
370000,-72,1451668795195,24
370000,-100,1451668795218,1
370000,-93,1451668795223,19
370000,-100,1451668795230,20
370000,-89,1451668795234,8
370000,-64,1451668795264,22
370000,-72,1451668795305,24
370000,-100,1451668795334,20
370000,-90,1451668795338,8
370000,-64,1451668795373,22
370000,-72,1451668795410,24
370000,-99,1451668795414,1
370000,-93,1451668795434,19
370000,-100,1451668795439,20
370000,-89,1451668795443,8
370000,-64,1451668795478,22
370000,-72,1451668795507,24
370000,-98,1451668795536,20
370000,-89,1451668795540,8
370000,-64,1451668795604,22
370000,-72,1451668795635,24
370000,-93,1451668795642,19
370000,-98,1451668795646,1
370000,-100,1451668795650,20
370000,-89,1451668795656,8
370000,-64,1451668795687,22
370000,-92,1451668795728,19
370000,-73,1451668795732,24
370000,-100,1451668795753,1
370000,-97,1451668795757,20
370000,-90,1451668795761,8
370000,-64,1451668795793,22
370000,-97,1451668795848,1
370000,-72,1451668795853,24
370000,-99,1451668795858,20
370000,-64,1451668795903,22
370000,-93,1451668795939,19
370000,-98,1451668795969,20
370000,-89,1451668795974,8
370000,-66,1451668796002,22
370000,-94,1451668796037,19
370000,-99,1451668796069,20
370000,-89,1451668796074,8
370000,-64,1451668796106,22
370000,-93,1451668796157,19
370000,-71,1451668796172,24
370000,-97,1451668796178,20
370000,-89,1451668796181,8
370000,-66,1451668796203,22
370000,-71,1451668796256,24
370000,-89,1451668796287,8
370000,-99,1451668796291,20
370000,-64,1451668796320,22
370000,-101,1451668796353,1
370000,-71,1451668796381,24
370000,-97,1451668796386,20
370000,-89,1451668796390,8
370000,-74,1451668796461,24
370000,-68,1451668796523,22
370000,-75,1451668796570,24
370000,-68,1451668796626,22
370000,-97,1451668796655,19
370000,-75,1451668796689,24
370000,-68,1451668796736,22
370000,-75,1451668796780,24
370000,-68,1451668796836,22
370000,-75,1451668796881,24
370000,-68,1451668796961,22
370000,-99,1451668796990,19
370000,-75,1451668796998,24
370000,-75,1451668797096,24
370000,-68,1451668797166,22
370000,-75,1451668797205,24
370000,-68,1451668797265,22
370000,-75,1451668797312,24
370000,-68,1451668797357,22
370000,-75,1451668797423,24
370000,-68,1451668797465,22
370000,-75,1451668797521,24
370000,-68,1451668797560,22
370000,-75,1451668797623,24
370000,-64,1451668797661,22
370000,-74,1451668797725,24
370000,-68,1451668797769,22
370000,-75,1451668797829,24
370000,-68,1451668797877,22
370000,-75,1451668797939,24
370000,-68,1451668797981,22
370000,-75,1451668798035,24
370000,-68,1451668798089,22
370000,-75,1451668798133,24
370000,-68,1451668798192,22
370000,-75,1451668798243,24
370000,-68,1451668798298,22
370000,-75,1451668798384,24
370000,-68,1451668798413,22
370000,-75,1451668798450,24
370000,-68,1451668798527,22
370000,-75,1451668798554,24
370000,-68,1451668798617,22
370000,-74,1451668798663,24
370000,-68,1451668798724,22
370000,-75,1451668798769,24
370000,-68,1451668798829,22
370000,-75,1451668798942,24
370000,-68,1451668798947,22
370000,-75,1451668798983,24
370000,-75,1451668799095,24
370000,-68,1451668799149,22
370000,-75,1451668799199,24
370000,-68,1451668799280,22
370000,-75,1451668799301,24
370000,-68,1451668799363,22
370000,-75,1451668799407,24
370000,-64,1451668799466,22
370000,-101,1451668799512,19
370000,-75,1451668799548,24
370000,-68,1451668799583,22
370000,-104,1451668799617,19
370000,-75,1451668799651,24
370000,-68,1451668799684,22
370000,-75,1451668799744,24
370000,-69,1451668799779,22
370000,-75,1451668799829,24
370000,-68,1451668799884,22
370000,-99,1451668799939,19
370000,-68,1451668800004,22
370000,-76,1451668800038,24
370000,-68,1451668800095,22
370000,-75,1451668800138,24
370000,-68,1451668800197,22
370000,-75,1451668800242,24
370000,-68,1451668800308,22
370000,-68,1451668800447,22
370000,-98,1451668800451,19
370000,-68,1451668800520,22
370000,-68,1451668800621,22
370000,-76,1451668800657,24
370000,-98,1451668800665,19
370000,-68,1451668800740,22
370000,-76,1451668800777,24
370000,-68,1451668800841,22
370000,-76,1451668800869,24
370000,-68,1451668800937,22
370000,-75,1451668800973,24
370000,-68,1451668801045,22
370000,-74,1451668801097,24
370000,-68,1451668801142,22
370000,-76,1451668801188,24
370000,-68,1451668801249,22
370000,-74,1451668801300,24
370000,-76,1451668801399,24
370000,-69,1451668801472,22
370000,-92,1451668801512,19
370000,-67,1451668801515,24
370000,-92,1451668801529,1
370000,-70,1451668801561,22
370000,-72,1451668801605,24
370000,-95,1451668801630,20
370000,-92,1451668801634,1
370000,-83,1451668801636,8
370000,-69,1451668801678,22
370000,-92,1451668801730,19
370000,-71,1451668801734,24
370000,-93,1451668801737,20
370000,-91,1451668801739,1
370000,-84,1451668801760,8
370000,-69,1451668801778,22
370000,-92,1451668801810,19
370000,-72,1451668801830,24
370000,-94,1451668801834,20
370000,-93,1451668801836,1
370000,-83,1451668801859,8
370000,-69,1451668801878,22
370000,-73,1451668801918,24
370000,-93,1451668801950,20
370000,-91,1451668801954,1
370000,-83,1451668801957,8
370000,-68,1451668801989,22
370000,-71,1451668802020,24
370000,-94,1451668802050,19
370000,-93,1451668802053,20
370000,-92,1451668802059,1
370000,-79,1451668802081,8
370000,-69,1451668802089,22
370000,-72,1451668802159,24
370000,-94,1451668802163,19
370000,-94,1451668802170,20
370000,-91,1451668802176,1
370000,-83,1451668802178,8
370000,-69,1451668802204,22
370000,-72,1451668802235,24
370000,-95,1451668802249,20
370000,-92,1451668802252,1
370000,-83,1451668802276,8
370000,-69,1451668802299,22
370000,-73,1451668802348,24
370000,-93,1451668802351,19
370000,-94,1451668802353,20
370000,-91,1451668802365,1
370000,-84,1451668802369,8
370000,-69,1451668802411,22
370000,-73,1451668802433,24
370000,-94,1451668802451,19
370000,-91,1451668802475,1
370000,-83,1451668802480,8
370000,-69,1451668802514,22
370000,-73,1451668802541,24
370000,-93,1451668802558,19
370000,-95,1451668802575,20
370000,-91,1451668802578,1
370000,-83,1451668802580,8
370000,-72,1451668802649,24
370000,-92,1451668802681,19
370000,-93,1451668802685,20
370000,-93,1451668802689,1
370000,-69,1451668802727,22
370000,-72,1451668802762,24
370000,-93,1451668802787,19
370000,-83,1451668802792,8
370000,-69,1451668802837,22
370000,-72,1451668802872,24
370000,-94,1451668802896,19
370000,-94,1451668802905,20
370000,-92,1451668802909,1
370000,-70,1451668802941,22
370000,-72,1451668802968,24
370000,-94,1451668803008,19
370000,-94,1451668803011,20
370000,-83,1451668803015,8
370000,-92,1451668803019,1
370000,-69,1451668803063,22
370000,-71,1451668803101,24
370000,-84,1451668803106,8
370000,-93,1451668803110,19
370000,-91,1451668803114,1
370000,-69,1451668803155,22
370000,-71,1451668803184,24
370000,-95,1451668803215,20
370000,-84,1451668803219,8
370000,-92,1451668803223,1
370000,-69,1451668803264,22
370000,-92,1451668803306,20
370000,-84,1451668803312,8
370000,-95,1451668803317,19
370000,-92,1451668803335,1
370000,-69,1451668803365,22
370000,-83,1451668803431,8
370000,-94,1451668803436,19
370000,-91,1451668803440,1
370000,-69,1451668803499,22
370000,-72,1451668803509,24
370000,-84,1451668803533,8
370000,-94,1451668803537,20
370000,-73,1451668803597,24
370000,-83,1451668803631,8
370000,-92,1451668803640,1
370000,-69,1451668803679,22
370000,-72,1451668803695,24
370000,-83,1451668803719,8
370000,-93,1451668803726,20
370000,-94,1451668803730,19
370000,-92,1451668803747,1
370000,-69,1451668803812,22
370000,-84,1451668803848,8
370000,-94,1451668803853,20
370000,-94,1451668803857,19
370000,-92,1451668803861,1
370000,-69,1451668803890,22
370000,-84,1451668803923,8
370000,-93,1451668803947,1
370000,-69,1451668803994,22
370000,-73,1451668804019,24
370000,-83,1451668804049,8
370000,-94,1451668804054,20
370000,-91,1451668804058,1
370000,-69,1451668804092,22
370000,-73,1451668804113,24
370000,-84,1451668804147,8
370000,-92,1451668804169,1
370000,-69,1451668804227,22
370000,-72,1451668804230,24
370000,-84,1451668804255,8
370000,-93,1451668804259,20
370000,-68,1451668804311,22
370000,-71,1451668804328,24
370000,-83,1451668804343,8
370000,-93,1451668804357,19
370000,-94,1451668804359,20
370000,-90,1451668804373,1
370000,-69,1451668804424,22
370000,-73,1451668804427,24
370000,-84,1451668804446,8
370000,-93,1451668804467,19
370000,-94,1451668804470,20
370000,-92,1451668804472,1
370000,-69,1451668804532,22
370000,-83,1451668804567,8
370000,-92,1451668804573,1
370000,-93,1451668804577,20
370000,-69,1451668804630,22
370000,-72,1451668804667,24
370000,-84,1451668804675,8
370000,-94,1451668804679,19
370000,-91,1451668804700,1
370000,-93,1451668804704,20
370000,-69,1451668804736,22
370000,-73,1451668804762,24
370000,-83,1451668804772,8
370000,-94,1451668804788,19
370000,-92,1451668804793,1
370000,-94,1451668804797,20
370000,-69,1451668804852,22
370000,-72,1451668804879,24
370000,-83,1451668804886,8
370000,-96,1451668804890,19
370000,-91,1451668804912,1
370000,-96,1451668804917,20
370000,-69,1451668804950,22
370000,-73,1451668804973,24
370000,-83,1451668804977,8
370000,-91,1451668804998,1
370000,-92,1451668805007,20
370000,-69,1451668805032,22
370000,-72,1451668805063,24
370000,-83,1451668805102,8
370000,-95,1451668805109,19
370000,-95,1451668805113,20
370000,-91,1451668805119,1
370000,-70,1451668805140,22
370000,-73,1451668805161,24
370000,-95,1451668805198,20
370000,-69,1451668805234,22
370000,-84,1451668805296,8
370000,-91,1451668805301,1
370000,-93,1451668805329,20
370000,-70,1451668805346,22
370000,-73,1451668805384,24
370000,-83,1451668805420,8
370000,-93,1451668805426,20
370000,-92,1451668805431,1
370000,-69,1451668805466,22
370000,-72,1451668805495,24
370000,-94,1451668805506,19
370000,-85,1451668805518,8
370000,-91,1451668805537,1
370000,-95,1451668805541,20
370000,-69,1451668805564,22
370000,-72,1451668805596,24
370000,-84,1451668805619,8
370000,-91,1451668805624,1
370000,-95,1451668805627,20
370000,-69,1451668805662,22
370000,-73,1451668805697,24
370000,-83,1451668805729,8
370000,-92,1451668805733,1
370000,-95,1451668805737,20
370000,-69,1451668805757,22
370000,-72,1451668805813,24
370000,-95,1451668805818,19
370000,-83,1451668805823,8
370000,-95,1451668805845,20
370000,-69,1451668805868,22
370000,-73,1451668805916,19
370000,-62,1451668805921,8
370000,-74,1451668805946,20
370000,-71,1451668805950,1
370000,-68,1451668805973,22
370000,-72,1451668806032,24
370000,-93,1451668806037,19
370000,-90,1451668806041,1
370000,-68,1451668806096,22
370000,-67,1451668806133,24
370000,-79,1451668806138,8
370000,-92,1451668806164,1
370000,-72,1451668806225,24
370000,-82,1451668806247,8
370000,-94,1451668806257,20
370000,-96,1451668806261,19
370000,-92,1451668806267,1
370000,-68,1451668806315,22
370000,-71,1451668806346,24
370000,-79,1451668806351,8
370000,-94,1451668806357,20
370000,-94,1451668806378,19
370000,-68,1451668806417,22
370000,-70,1451668806437,24
370000,-88,1451668806441,8
370000,-66,1451668806517,22
370000,-69,1451668806547,24
370000,-90,1451668806552,8
370000,-95,1451668806579,19
370000,-96,1451668806584,20
370000,-66,1451668806621,22
370000,-71,1451668806648,24
370000,-94,1451668806679,19
370000,-100,1451668806684,20
370000,-70,1451668806762,24
370000,-94,1451668806780,19
370000,-98,1451668806787,1
370000,-67,1451668806850,22
370000,-89,1451668806855,8
370000,-73,1451668806859,24
370000,-93,1451668806887,19
370000,-66,1451668806946,22
370000,-89,1451668806952,8
370000,-72,1451668806986,24
370000,-94,1451668806990,19
370000,-64,1451668807047,22
370000,-90,1451668807051,8
370000,-71,1451668807082,24
370000,-66,1451668807153,22
370000,-90,1451668807159,8
370000,-72,1451668807182,24
370000,-99,1451668807216,1
370000,-64,1451668807247,22
370000,-90,1451668807281,8
370000,-71,1451668807285,24
370000,-95,1451668807319,19
370000,-99,1451668807329,20
370000,-64,1451668807353,22
370000,-89,1451668807379,8
370000,-71,1451668807388,24
370000,-97,1451668807413,19
370000,-98,1451668807423,1
370000,-66,1451668807456,22
370000,-91,1451668807481,8
370000,-70,1451668807485,24
370000,-94,1451668807514,19
370000,-64,1451668807584,22
370000,-89,1451668807590,8
370000,-72,1451668807594,24
370000,-94,1451668807612,19
370000,-99,1451668807645,1
370000,-67,1451668807679,22
370000,-89,1451668807683,8
370000,-72,1451668807701,24
370000,-95,1451668807728,19
370000,-64,1451668807772,22
370000,-91,1451668807800,8
370000,-72,1451668807805,24
370000,-95,1451668807829,19
370000,-66,1451668807895,22
370000,-73,1451668807912,24
370000,-98,1451668807918,19
370000,-99,1451668807946,1
370000,-64,1451668807986,22
370000,-89,1451668807990,8
370000,-72,1451668808012,24
370000,-96,1451668808045,19
370000,-66,1451668808116,22
370000,-70,1451668808122,24
370000,-95,1451668808148,19
370000,-66,1451668808194,22
370000,-88,1451668808218,8
370000,-67,1451668808228,24
370000,-96,1451668808246,19
370000,-64,1451668808313,22
370000,-89,1451668808317,8
370000,-72,1451668808345,24
370000,-96,1451668808349,19
370000,-90,1451668808404,8
370000,-71,1451668808434,24
370000,-95,1451668808441,19
370000,-99,1451668808465,20
370000,-90,1451668808530,8
370000,-71,1451668808538,24
370000,-95,1451668808577,19
370000,-90,1451668808610,8
370000,-66,1451668808616,22
370000,-71,1451668808638,24
370000,-95,1451668808661,19
370000,-100,1451668808678,20
370000,-89,1451668808735,8
370000,-64,1451668808739,22
370000,-72,1451668808762,24
370000,-94,1451668808771,19
370000,-91,1451668808829,8
370000,-72,1451668808862,24
370000,-94,1451668808871,19
370000,-64,1451668808930,22
370000,-73,1451668808966,24
370000,-95,1451668808971,19
370000,-98,1451668809002,1
370000,-72,1451668809061,24
370000,-99,1451668809108,20
370000,-93,1451668809142,8
370000,-66,1451668809150,22
370000,-73,1451668809169,24
370000,-97,1451668809195,19
370000,-98,1451668809199,1
370000,-88,1451668809245,8
370000,-65,1451668809250,22
370000,-73,1451668809281,24
370000,-87,1451668809363,8
370000,-70,1451668809397,24
370000,-95,1451668809402,19
370000,-65,1451668809462,22
370000,-87,1451668809466,8
370000,-74,1451668809500,24
370000,-96,1451668809509,19
370000,-97,1451668809528,1
370000,-98,1451668809537,20
370000,-85,1451668809559,8
370000,-74,1451668809585,24
370000,-93,1451668809612,19
370000,-100,1451668809617,1
370000,-96,1451668809649,20
370000,-67,1451668809668,22
370000,-88,1451668809673,8
370000,-72,1451668809699,24
370000,-99,1451668809763,20
370000,-67,1451668809770,22
370000,-72,1451668809795,24
370000,-95,1451668809814,19
370000,-98,1451668809853,20
370000,-87,1451668809878,8
370000,-72,1451668809912,24
370000,-95,1451668809916,19
370000,-101,1451668809952,20
370000,-64,1451668809979,22
370000,-87,1451668809985,8
370000,-72,1451668810009,24
370000,-98,1451668810030,1
370000,-94,1451668810034,19
370000,-88,1451668810097,8
370000,-64,1451668810102,22
370000,-72,1451668810133,24
370000,-95,1451668810141,19
370000,-84,1451668810195,8
370000,-68,1451668810199,22
370000,-73,1451668810228,24
370000,-92,1451668810284,8
370000,-71,1451668810321,24
370000,-94,1451668810346,19
370000,-99,1451668810378,20
370000,-71,1451668810412,22
370000,-72,1451668810429,24
370000,-96,1451668810462,1
370000,-72,1451668810501,22
370000,-87,1451668810505,8
370000,-72,1451668810535,24
370000,-92,1451668810563,19
370000,-73,1451668810612,22
370000,-83,1451668810619,8
370000,-71,1451668810648,24
370000,-90,1451668810663,19
370000,-70,1451668810706,22
370000,-70,1451668810760,24
370000,-97,1451668810764,1
370000,-90,1451668810784,19
370000,-92,1451668810823,8
370000,-71,1451668810850,24
370000,-99,1451668810877,1
370000,-94,1451668810883,19
370000,-67,1451668810926,22
370000,-72,1451668810978,24
370000,-97,1451668810984,1
370000,-90,1451668810988,19
370000,-66,1451668811018,22
370000,-93,1451668811047,8
370000,-72,1451668811078,24
370000,-96,1451668811084,1
370000,-92,1451668811089,19
370000,-64,1451668811145,22
370000,-92,1451668811150,8
370000,-72,1451668811180,24
370000,-93,1451668811186,19
370000,-67,1451668811245,22
370000,-73,1451668811280,24
370000,-96,1451668811324,20
370000,-66,1451668811352,22
370000,-91,1451668811358,8
370000,-73,1451668811379,24
370000,-98,1451668811411,1
370000,-95,1451668811420,19
370000,-68,1451668811445,22
370000,-92,1451668811450,8
370000,-76,1451668811487,24
370000,-69,1451668811543,22
370000,-69,1451668811645,22
370000,-93,1451668811666,8
370000,-75,1451668811714,24
370000,-68,1451668811751,22
370000,-76,1451668811800,24
370000,-68,1451668811873,22
370000,-76,1451668811935,24
370000,-95,1451668811948,19
370000,-69,1451668811975,22
370000,-75,1451668812004,24
370000,-76,1451668812111,24
370000,-94,1451668812176,8
370000,-69,1451668812179,22
370000,-68,1451668812275,22
370000,-75,1451668812328,24
370000,-68,1451668812382,22
370000,-76,1451668812438,24
370000,-91,1451668812482,8
370000,-68,1451668812531,22
370000,-75,1451668812564,24
370000,-67,1451668812601,22
370000,-75,1451668812646,24
370000,-95,1451668812693,8
370000,-68,1451668812710,22
370000,-76,1451668812746,24
370000,-68,1451668812815,22
370000,-75,1451668812850,24
370000,-68,1451668812902,22
370000,-93,1451668812912,8
370000,-75,1451668812958,24
370000,-68,1451668813005,22
370000,-93,1451668813024,8
370000,-76,1451668813049,24
370000,-68,1451668813115,22
370000,-76,1451668813165,24
370000,-97,1451668813220,8
370000,-76,1451668813273,24
370000,-64,1451668813365,22
370000,-92,1451668813371,8
370000,-76,1451668813376,24
370000,-69,1451668813425,22
370000,-92,1451668813445,8
370000,-76,1451668813465,24
370000,-68,1451668813532,22
370000,-98,1451668813561,8
370000,-76,1451668813575,24
370000,-68,1451668813642,22
370000,-76,1451668813690,24
370000,-68,1451668813756,22
370000,-76,1451668813780,24
370000,-68,1451668813855,22
370000,-75,1451668813904,24
370000,-68,1451668813956,22
370000,-76,1451668813994,24
370000,-69,1451668814059,22
370000,-75,1451668814111,24
370000,-68,1451668814164,22
370000,-76,1451668814202,24
370000,-68,1451668814267,22
370000,-75,1451668814311,24
370000,-64,1451668814370,22
370000,-76,1451668814421,24
370000,-68,1451668814472,22
370000,-75,1451668814526,24
370000,-68,1451668814602,22
370000,-75,1451668814637,24
370000,-68,1451668814685,22
370000,-75,1451668814736,24
370000,-68,1451668814813,22
370000,-75,1451668814843,24
370000,-68,1451668814894,22
370000,-75,1451668814943,24
370000,-68,1451668814998,22
370000,-76,1451668815044,24
370000,-68,1451668815101,22
370000,-75,1451668815148,24
370000,-68,1451668815209,22
370000,-98,1451668815235,8
370000,-76,1451668815262,24
370000,-68,1451668815311,22
370000,-76,1451668815384,24
370000,-76,1451668815466,24
370000,-68,1451668815528,22
370000,-76,1451668815574,24
370000,-68,1451668815635,22
370000,-76,1451668815688,24
370000,-68,1451668815740,22
370000,-75,1451668815779,24
370000,-68,1451668815846,22
370000,-98,1451668815900,20
370000,-76,1451668815905,24
370000,-68,1451668815949,22
370000,-75,1451668815986,24
370000,-68,1451668816080,22
370000,-76,1451668816111,24
370000,-68,1451668816158,22
370000,-75,1451668816198,24
370000,-68,1451668816294,22
370000,-76,1451668816326,24
370000,-68,1451668816363,22
370000,-76,1451668816413,24
370000,-92,1451668816455,1
370000,-94,1451668816490,19
370000,-70,1451668816495,22
370000,-93,1451668816499,20
370000,-83,1451668816503,8
370000,-72,1451668816521,24
370000,-91,1451668816545,1
370000,-96,1451668816564,19
370000,-69,1451668816587,22
370000,-84,1451668816589,8
370000,-71,1451668816636,24
370000,-92,1451668816653,1
370000,-96,1451668816680,19
370000,-69,1451668816684,22
370000,-72,1451668816734,24
370000,-92,1451668816763,1
370000,-94,1451668816795,19
370000,-69,1451668816800,22
370000,-72,1451668816835,24
370000,-91,1451668816859,1
370000,-96,1451668816899,19
370000,-70,1451668816903,22
370000,-95,1451668816927,20
370000,-84,1451668816932,8
370000,-72,1451668816961,24
370000,-94,1451668816967,1
370000,-94,1451668817001,19
370000,-69,1451668817005,22
370000,-95,1451668817027,20
370000,-83,1451668817031,8
370000,-72,1451668817060,24
370000,-93,1451668817064,1
370000,-94,1451668817127,19
370000,-70,1451668817132,22
370000,-94,1451668817136,20
370000,-84,1451668817140,8
370000,-72,1451668817163,24
370000,-95,1451668817226,19
370000,-70,1451668817230,22
370000,-95,1451668817235,20
370000,-83,1451668817263,8
370000,-72,1451668817267,24
370000,-91,1451668817272,1
370000,-95,1451668817325,19
370000,-70,1451668817330,22
370000,-93,1451668817335,20
370000,-84,1451668817352,8
370000,-72,1451668817385,24
370000,-97,1451668817414,19
370000,-69,1451668817443,22
370000,-93,1451668817447,20
370000,-83,1451668817451,8
370000,-72,1451668817476,24
370000,-92,1451668817480,1
370000,-96,1451668817527,19
370000,-69,1451668817532,22
370000,-95,1451668817562,20
370000,-83,1451668817567,8
370000,-72,1451668817592,24
370000,-93,1451668817597,1
370000,-94,1451668817623,19
370000,-70,1451668817643,22
370000,-94,1451668817648,20
370000,-83,1451668817652,8
370000,-72,1451668817677,24
370000,-92,1451668817709,1
370000,-92,1451668817737,19
370000,-69,1451668817742,22
370000,-83,1451668817763,8
370000,-94,1451668817768,20
370000,-72,1451668817794,24
370000,-90,1451668817799,1
370000,-93,1451668817836,19
370000,-69,1451668817859,22
370000,-94,1451668817863,20
370000,-72,1451668817886,24
370000,-91,1451668817911,1
370000,-93,1451668817947,19
370000,-69,1451668817953,22
370000,-83,1451668817975,8
370000,-92,1451668818002,1
370000,-96,1451668818059,19
370000,-69,1451668818063,22
370000,-83,1451668818067,8
370000,-95,1451668818071,20
370000,-72,1451668818097,24
370000,-92,1451668818124,1
370000,-94,1451668818147,19
370000,-84,1451668818174,8
370000,-94,1451668818177,20
370000,-72,1451668818195,24
370000,-92,1451668818225,1
370000,-96,1451668818254,19
370000,-70,1451668818260,22
370000,-96,1451668818276,20
370000,-73,1451668818310,24
370000,-92,1451668818343,1
370000,-83,1451668818381,8
370000,-69,1451668818385,22
370000,-94,1451668818389,19
370000,-96,1451668818393,20
370000,-72,1451668818414,24
370000,-93,1451668818443,1
370000,-83,1451668818484,8
370000,-91,1451668818488,19
370000,-96,1451668818492,20
370000,-72,1451668818516,24
370000,-91,1451668818541,1
370000,-83,1451668818566,8
370000,-94,1451668818587,19
370000,-69,1451668818590,22
370000,-96,1451668818592,20
370000,-72,1451668818618,24
370000,-93,1451668818639,1
370000,-84,1451668818693,8
370000,-95,1451668818699,19
370000,-69,1451668818703,22
370000,-97,1451668818708,20
370000,-92,1451668818759,1
370000,-83,1451668818794,8
370000,-70,1451668818801,22
370000,-71,1451668818834,24
370000,-92,1451668818861,1
370000,-83,1451668818895,8
370000,-95,1451668818900,20
370000,-69,1451668818904,22
370000,-97,1451668818907,19
370000,-72,1451668818932,24
370000,-91,1451668818959,1
370000,-79,1451668819000,8
370000,-97,1451668819005,20
370000,-72,1451668819034,24
370000,-92,1451668819073,1
370000,-84,1451668819096,8
370000,-97,1451668819107,20
370000,-69,1451668819114,22
370000,-72,1451668819149,24
370000,-92,1451668819176,1
370000,-84,1451668819204,8
370000,-69,1451668819221,22
370000,-96,1451668819224,19
370000,-72,1451668819254,24
370000,-84,1451668819306,8
370000,-95,1451668819336,20
370000,-70,1451668819352,22
370000,-97,1451668819354,19
370000,-72,1451668819380,24
370000,-93,1451668819387,1
370000,-84,1451668819411,8
370000,-95,1451668819438,20
370000,-95,1451668819441,19
370000,-70,1451668819447,22
370000,-72,1451668819463,24
370000,-91,1451668819491,1
370000,-83,1451668819516,8
370000,-97,1451668819547,20
370000,-96,1451668819551,19
370000,-72,1451668819578,24
370000,-91,1451668819608,1
370000,-84,1451668819632,8
370000,-70,1451668819637,22
370000,-72,1451668819666,24
370000,-92,1451668819694,1
370000,-83,1451668819730,8
370000,-93,1451668819741,19
370000,-70,1451668819747,22
370000,-72,1451668819771,24
370000,-91,1451668819796,1
370000,-83,1451668819834,8
370000,-97,1451668819839,20
370000,-94,1451668819859,19
370000,-70,1451668819863,22
370000,-72,1451668819881,24
370000,-92,1451668819915,1
370000,-69,1451668819946,22
370000,-71,1451668819992,24
370000,-92,1451668820035,1
370000,-83,1451668820059,8
370000,-69,1451668820063,22
370000,-72,1451668820094,24
370000,-91,1451668820126,1
370000,-96,1451668820159,20
370000,-69,1451668820165,22
370000,-72,1451668820192,24
370000,-93,1451668820222,1
370000,-83,1451668820246,8
370000,-69,1451668820253,22
370000,-96,1451668820256,20
370000,-72,1451668820308,24
370000,-92,1451668820332,1
370000,-70,1451668820359,22
370000,-94,1451668820364,19
370000,-95,1451668820392,20
370000,-72,1451668820400,24
370000,-92,1451668820431,1
370000,-83,1451668820463,8
370000,-70,1451668820475,22
370000,-92,1451668820479,19
370000,-95,1451668820499,20
370000,-72,1451668820504,24
370000,-83,1451668820562,8
370000,-69,1451668820566,22
370000,-97,1451668820592,19
370000,-95,1451668820597,20
370000,-72,1451668820621,24
370000,-92,1451668820653,1
370000,-83,1451668820683,8
370000,-70,1451668820687,22
370000,-94,1451668820691,20
370000,-93,1451668820697,19
370000,-72,1451668820715,24
370000,-92,1451668820745,1
370000,-83,1451668820776,8
370000,-70,1451668820782,22
370000,-90,1451668820786,19
370000,-95,1451668820811,20
370000,-72,1451668820816,24
370000,-92,1451668820860,1
370000,-69,1451668820893,22
370000,-98,1451668820898,19
370000,-73,1451668820957,1
370000,-82,1451668820983,8
370000,-68,1451668820988,22
370000,-92,1451668821010,20
370000,-92,1451668821018,19
370000,-91,1451668821078,1
370000,-79,1451668821090,8
370000,-69,1451668821109,22
370000,-92,1451668821117,20
370000,-92,1451668821121,19
370000,-71,1451668821148,24
370000,-91,1451668821175,1
370000,-82,1451668821193,8
370000,-69,1451668821203,22
370000,-91,1451668821227,19
370000,-71,1451668821258,24
370000,-89,1451668821281,1
370000,-82,1451668821309,8
370000,-94,1451668821313,20
370000,-69,1451668821317,22
370000,-94,1451668821321,19
370000,-71,1451668821347,24
370000,-92,1451668821386,1
370000,-83,1451668821410,8
370000,-91,1451668821418,20
370000,-69,1451668821422,22
370000,-93,1451668821426,19
370000,-70,1451668821478,24
370000,-87,1451668821509,8
370000,-65,1451668821551,22
370000,-94,1451668821556,19
370000,-70,1451668821566,24
370000,-88,1451668821615,8
370000,-64,1451668821620,22
370000,-92,1451668821643,19
370000,-71,1451668821680,24
370000,-97,1451668821703,1
370000,-66,1451668821728,22
370000,-96,1451668821734,19
370000,-71,1451668821895,24
370000,-99,1451668821913,1
370000,-100,1451668821943,20
370000,-90,1451668821951,8
370000,-66,1451668821955,22
370000,-67,1451668821980,24
370000,-96,1451668822015,1
370000,-90,1451668822053,8
370000,-94,1451668822057,19
370000,-64,1451668822070,22
370000,-72,1451668822091,24
370000,-98,1451668822127,20
370000,-89,1451668822159,8
370000,-94,1451668822164,19
370000,-66,1451668822169,22
370000,-71,1451668822191,24
370000,-88,1451668822242,8
370000,-66,1451668822247,22
370000,-71,1451668822288,24
370000,-101,1451668822335,1
370000,-90,1451668822353,8
370000,-97,1451668822355,19
370000,-71,1451668822387,24
370000,-98,1451668822442,1
370000,-89,1451668822446,8
370000,-93,1451668822473,19
370000,-71,1451668822500,24
370000,-90,1451668822558,8
370000,-97,1451668822563,1
370000,-64,1451668822567,22
370000,-71,1451668822624,24
370000,-90,1451668822655,8
370000,-64,1451668822662,22
370000,-98,1451668822681,1
370000,-71,1451668822713,24
370000,-90,1451668822756,8
370000,-64,1451668822794,22
370000,-71,1451668822828,24
370000,-94,1451668822867,19
370000,-64,1451668822892,22
370000,-72,1451668822928,24
370000,-94,1451668822964,19
370000,-92,1451668822991,8
370000,-66,1451668822996,22
370000,-71,1451668823034,24
370000,-90,1451668823092,8
370000,-94,1451668823097,19
370000,-98,1451668823102,1
370000,-67,1451668823106,22
370000,-71,1451668823128,24
370000,-94,1451668823193,19
370000,-90,1451668823197,8
370000,-98,1451668823201,1
370000,-64,1451668823205,22
370000,-71,1451668823239,24
370000,-93,1451668823296,19
370000,-90,1451668823301,8
370000,-100,1451668823306,1
370000,-66,1451668823313,22
370000,-71,1451668823338,24
370000,-94,1451668823381,19
370000,-90,1451668823386,8
370000,-100,1451668823411,1
370000,-66,1451668823417,22
370000,-67,1451668823452,24
370000,-96,1451668823486,19
370000,-90,1451668823490,8
370000,-66,1451668823509,22
370000,-71,1451668823578,24
370000,-64,1451668823618,22
370000,-71,1451668823674,24
370000,-90,1451668823725,8
370000,-95,1451668823732,19
370000,-100,1451668823737,20
370000,-66,1451668823741,22
370000,-71,1451668823791,24
370000,-94,1451668823825,19
370000,-89,1451668823830,8
370000,-97,1451668823838,20
370000,-66,1451668823859,22
370000,-71,1451668823881,24
370000,-94,1451668823912,19
370000,-66,1451668823933,22
370000,-71,1451668823993,24
370000,-93,1451668824031,19
370000,-91,1451668824038,8
370000,-100,1451668824042,1
370000,-100,1451668824049,20
370000,-64,1451668824066,22
370000,-71,1451668824091,24
370000,-89,1451668824124,8
370000,-71,1451668824193,24
370000,-90,1451668824230,8
370000,-93,1451668824238,19
370000,-99,1451668824247,20
370000,-63,1451668824263,22
370000,-71,1451668824308,24
370000,-99,1451668824339,1
370000,-91,1451668824345,8
370000,-93,1451668824348,19
370000,-98,1451668824351,20
370000,-66,1451668824364,22
370000,-91,1451668824429,8
370000,-92,1451668824457,19
370000,-64,1451668824483,22
370000,-71,1451668824513,24
370000,-88,1451668824541,8
370000,-94,1451668824550,19
370000,-66,1451668824581,22
370000,-71,1451668824616,24
370000,-98,1451668824643,1
370000,-90,1451668824649,8
370000,-93,1451668824674,19
370000,-66,1451668824696,22
370000,-71,1451668824724,24
370000,-91,1451668824743,8
370000,-97,1451668824774,20
370000,-92,1451668824778,19
370000,-64,1451668824796,22
370000,-71,1451668824827,24
370000,-90,1451668824860,8
370000,-92,1451668824866,19
370000,-67,1451668824897,22
370000,-71,1451668824929,24
370000,-100,1451668824962,1
370000,-90,1451668824968,8
370000,-94,1451668824994,19
370000,-66,1451668825005,22
370000,-67,1451668825030,24
370000,-97,1451668825058,1
370000,-90,1451668825090,8
370000,-92,1451668825102,19
370000,-66,1451668825107,22
370000,-71,1451668825159,24
370000,-97,1451668825163,1
370000,-90,1451668825189,8
370000,-92,1451668825192,19
370000,-63,1451668825207,22
370000,-71,1451668825255,24
370000,-98,1451668825263,1
370000,-90,1451668825297,8
370000,-96,1451668825299,20
370000,-93,1451668825301,19
370000,-64,1451668825322,22
370000,-71,1451668825342,24
370000,-100,1451668825371,1
370000,-90,1451668825388,8
370000,-94,1451668825394,19
370000,-66,1451668825438,22
370000,-67,1451668825458,24
370000,-98,1451668825492,1
370000,-97,1451668825497,20
370000,-64,1451668825530,22
370000,-71,1451668825559,24
370000,-98,1451668825592,1
370000,-90,1451668825632,8
370000,-93,1451668825706,19
370000,-90,1451668825712,8
370000,-66,1451668825740,22
370000,-67,1451668825759,24
370000,-100,1451668825800,1
370000,-94,1451668825824,19
370000,-97,1451668825829,20
370000,-90,1451668825833,8
370000,-66,1451668825856,22
370000,-71,1451668825891,24
370000,-100,1451668825900,1
370000,-101,1451668825925,20
370000,-93,1451668825929,19
370000,-90,1451668825934,8
370000,-71,1451668825982,24
370000,-94,1451668826021,19
370000,-90,1451668826026,8
370000,-63,1451668826050,22
370000,-71,1451668826080,24
370000,-93,1451668826122,19
370000,-90,1451668826177,8
370000,-66,1451668826200,22
370000,-71,1451668826203,24
370000,-99,1451668826211,1
370000,-94,1451668826242,19
370000,-101,1451668826246,20
370000,-91,1451668826251,8
370000,-66,1451668826276,22
370000,-71,1451668826292,24
370000,-99,1451668826323,1
370000,-93,1451668826341,19
370000,-90,1451668826373,8
370000,-66,1451668826381,22
370000,-71,1451668826400,24
370000,-68,1451668826467,22
370000,-76,1451668826510,24
370000,-68,1451668826574,22
370000,-76,1451668826610,24
370000,-68,1451668826680,22
370000,-76,1451668826743,24
370000,-68,1451668826792,22
370000,-76,1451668826828,24
370000,-68,1451668826908,22
370000,-76,1451668826940,24
370000,-68,1451668826999,22
370000,-75,1451668827040,24
370000,-68,1451668827109,22
370000,-75,1451668827145,24
370000,-68,1451668827214,22
370000,-76,1451668827252,24
370000,-68,1451668827316,22
370000,-75,1451668827356,24
370000,-64,1451668827423,22
370000,-75,1451668827458,24
370000,-68,1451668827529,22
370000,-76,1451668827560,24
370000,-68,1451668827652,22
370000,-76,1451668827666,24
370000,-68,1451668827730,22
370000,-76,1451668827763,24
370000,-68,1451668827837,22
370000,-76,1451668827867,24
370000,-68,1451668827939,22
370000,-76,1451668827989,24
370000,-68,1451668828045,22
370000,-74,1451668828079,24
370000,-68,1451668828147,22
370000,-75,1451668828187,24
370000,-68,1451668828280,22
370000,-76,1451668828316,24
370000,-68,1451668828371,22
370000,-75,1451668828395,24
370000,-68,1451668828472,22
370000,-75,1451668828495,24
370000,-64,1451668828576,22
370000,-75,1451668828614,24
370000,-68,1451668828682,22
370000,-76,1451668828730,24
370000,-68,1451668828789,22
370000,-76,1451668828807,24
370000,-68,1451668828890,22
370000,-76,1451668828914,24
370000,-68,1451668828998,22
370000,-76,1451668829064,24
370000,-68,1451668829102,22
370000,-76,1451668829128,24
370000,-68,1451668829208,22
370000,-76,1451668829239,24
370000,-64,1451668829317,22
370000,-75,1451668829352,24
370000,-68,1451668829417,22
370000,-76,1451668829440,24
370000,-68,1451668829523,22
370000,-75,1451668829546,24
370000,-69,1451668829631,22
370000,-76,1451668829686,24
370000,-68,1451668829739,22
370000,-68,1451668829845,22
370000,-76,1451668829869,24
370000,-68,1451668829951,22
370000,-76,1451668829978,24
370000,-69,1451668830057,22
370000,-76,1451668830107,24
370000,-68,1451668830160,22
370000,-76,1451668830187,24
370000,-68,1451668830262,22
370000,-76,1451668830287,24
370000,-69,1451668830365,22
370000,-76,1451668830392,24
370000,-68,1451668830469,22
370000,-76,1451668830496,24
370000,-68,1451668830578,22
370000,-76,1451668830636,24
370000,-68,1451668830681,22
370000,-76,1451668830704,24
370000,-69,1451668830895,22
370000,-76,1451668830906,24
370000,-68,1451668830996,22
370000,-76,1451668830999,24
370000,-76,1451668831101,24
370000,-75,1451668831208,24
370000,-68,1451668831212,22
370000,-76,1451668831305,24
370000,-68,1451668831321,22
370000,-83,1451668831416,8
370000,-69,1451668831422,22
370000,-91,1451668831454,1
370000,-95,1451668831477,19
370000,-94,1451668831506,20
370000,-72,1451668831539,24
370000,-84,1451668831544,8
370000,-69,1451668831549,22
370000,-92,1451668831571,1
370000,-94,1451668831590,19
370000,-72,1451668831626,24
370000,-83,1451668831630,8
370000,-70,1451668831656,22
370000,-92,1451668831687,1
370000,-94,1451668831689,19
370000,-93,1451668831708,20
370000,-72,1451668831725,24
370000,-70,1451668831751,22
370000,-93,1451668831771,1
370000,-96,1451668831786,19
370000,-94,1451668831825,20
370000,-72,1451668831832,24
370000,-69,1451668831862,22
370000,-93,1451668831886,1
370000,-93,1451668831903,19
370000,-95,1451668831917,20
370000,-72,1451668831933,24
370000,-83,1451668831938,8
370000,-69,1451668831952,22
370000,-93,1451668831983,1
370000,-94,1451668832001,19
370000,-96,1451668832023,20
370000,-72,1451668832033,24
370000,-84,1451668832052,8
370000,-90,1451668832084,1
370000,-94,1451668832105,19
370000,-94,1451668832140,20
370000,-72,1451668832151,24
370000,-84,1451668832186,8
370000,-69,1451668832199,22
370000,-92,1451668832216,1
370000,-95,1451668832218,19
370000,-95,1451668832237,20
370000,-72,1451668832253,24
370000,-83,1451668832256,8
370000,-69,1451668832272,22
370000,-93,1451668832311,1
370000,-94,1451668832316,19
370000,-93,1451668832344,20
370000,-72,1451668832365,24
370000,-83,1451668832369,8
370000,-69,1451668832371,22
370000,-94,1451668832455,20
370000,-72,1451668832458,24
370000,-70,1451668832482,22
370000,-94,1451668832515,19
370000,-93,1451668832547,20
370000,-72,1451668832572,24
370000,-83,1451668832579,8
370000,-69,1451668832583,22
370000,-95,1451668832616,19
370000,-91,1451668832638,1
370000,-95,1451668832672,20
370000,-83,1451668832677,8
370000,-72,1451668832682,24
370000,-69,1451668832705,22
370000,-94,1451668832742,19
370000,-93,1451668832750,1
370000,-93,1451668832778,20
370000,-83,1451668832782,8
370000,-72,1451668832789,24
370000,-70,1451668832806,22
370000,-94,1451668832847,19
370000,-92,1451668832851,1
370000,-94,1451668832873,20
370000,-72,1451668832905,24
370000,-69,1451668832910,22
370000,-95,1451668832945,19
370000,-91,1451668832950,1
370000,-83,1451668833006,8
370000,-69,1451668833011,22
370000,-94,1451668833045,19
370000,-92,1451668833072,1
370000,-94,1451668833083,20
370000,-72,1451668833105,24
370000,-83,1451668833109,8
370000,-69,1451668833114,22
370000,-94,1451668833146,19
370000,-94,1451668833177,20
370000,-83,1451668833208,8
370000,-69,1451668833215,22
370000,-93,1451668833288,20
370000,-72,1451668833294,24
370000,-83,1451668833326,8
370000,-69,1451668833332,22
370000,-91,1451668833361,1
370000,-94,1451668833394,20
370000,-73,1451668833398,24
370000,-83,1451668833423,8
370000,-70,1451668833427,22
370000,-91,1451668833465,1
370000,-94,1451668833470,19
370000,-95,1451668833492,20
370000,-72,1451668833526,24
370000,-84,1451668833531,8
370000,-70,1451668833543,22
370000,-96,1451668833570,19
370000,-96,1451668833618,20
370000,-72,1451668833627,24
370000,-84,1451668833632,8
370000,-70,1451668833659,22
370000,-92,1451668833684,1
370000,-93,1451668833687,19
370000,-94,1451668833724,20
370000,-83,1451668833727,8
370000,-69,1451668833753,22
370000,-92,1451668833778,1
370000,-94,1451668833799,19
370000,-94,1451668833823,20
370000,-83,1451668833825,8
370000,-72,1451668833828,24
370000,-69,1451668833842,22
370000,-92,1451668833886,1
370000,-93,1451668833916,20
370000,-72,1451668833940,24
370000,-69,1451668833981,22
370000,-92,1451668834006,1
370000,-95,1451668834011,19
370000,-94,1451668834038,20
370000,-72,1451668834042,24
370000,-84,1451668834046,8
370000,-70,1451668834065,22
370000,-91,1451668834096,1
370000,-96,1451668834126,19
370000,-93,1451668834130,20
370000,-72,1451668834158,24
370000,-84,1451668834167,8
370000,-69,1451668834171,22
370000,-90,1451668834224,1
370000,-94,1451668834232,19
370000,-94,1451668834236,20
370000,-72,1451668834255,24
370000,-83,1451668834259,8
370000,-69,1451668834292,22
370000,-92,1451668834312,1
370000,-95,1451668834342,19
370000,-73,1451668834365,24
370000,-69,1451668834369,22
370000,-92,1451668834411,1
370000,-94,1451668834444,19
370000,-94,1451668834447,20
370000,-83,1451668834472,8
370000,-73,1451668834476,24
370000,-70,1451668834480,22
370000,-92,1451668834517,1
370000,-95,1451668834538,19
370000,-94,1451668834574,20
370000,-83,1451668834580,8
370000,-72,1451668834585,24
370000,-70,1451668834592,22
370000,-95,1451668834646,20
370000,-83,1451668834683,8
370000,-72,1451668834687,24
370000,-69,1451668834691,22
370000,-93,1451668834750,1
370000,-94,1451668834756,19
370000,-93,1451668834759,20
370000,-83,1451668834775,8
370000,-72,1451668834778,24
370000,-69,1451668834800,22
370000,-92,1451668834833,1
370000,-95,1451668834854,19
370000,-92,1451668834858,20
370000,-83,1451668834876,8
370000,-72,1451668834902,24
370000,-69,1451668834909,22
370000,-93,1451668834945,1
370000,-95,1451668834972,19
370000,-94,1451668834979,20
370000,-83,1451668835005,8
370000,-70,1451668835010,22
370000,-93,1451668835040,1
370000,-95,1451668835070,19
370000,-94,1451668835075,20
370000,-83,1451668835095,8
370000,-69,1451668835101,22
370000,-71,1451668835105,24
370000,-91,1451668835163,1
370000,-95,1451668835176,19
370000,-94,1451668835196,20
370000,-83,1451668835199,8
370000,-69,1451668835215,22
370000,-92,1451668835253,1
370000,-94,1451668835273,19
370000,-94,1451668835305,20
370000,-69,1451668835311,22
370000,-72,1451668835337,24
370000,-92,1451668835363,1
370000,-95,1451668835388,20
370000,-83,1451668835423,8
370000,-69,1451668835427,22
370000,-73,1451668835431,24
370000,-92,1451668835491,1
370000,-94,1451668835500,19
370000,-84,1451668835522,8
370000,-72,1451668835527,24
370000,-94,1451668835587,19
370000,-93,1451668835605,20
370000,-72,1451668835638,24
370000,-91,1451668835682,1
370000,-95,1451668835710,19
370000,-94,1451668835715,20
370000,-69,1451668835739,22
370000,-83,1451668835743,8
370000,-72,1451668835747,24
370000,-93,1451668835777,1
370000,-95,1451668835805,19
370000,-94,1451668835838,20
370000,-69,1451668835843,22
370000,-83,1451668835847,8
370000,-72,1451668835851,24
370000,-92,1451668835889,1
370000,-95,1451668835897,19
370000,-65,1451668835940,8
370000,-54,1451668835973,24
370000,-92,1451668836004,1
370000,-94,1451668836013,19
370000,-92,1451668836038,20
370000,-69,1451668836046,22
370000,-82,1451668836055,8
370000,-72,1451668836073,24
370000,-89,1451668836110,1
370000,-94,1451668836114,19
370000,-90,1451668836147,20
370000,-83,1451668836171,8
370000,-71,1451668836176,24
370000,-91,1451668836210,1
370000,-94,1451668836238,19
370000,-95,1451668836257,20
370000,-69,1451668836274,22
370000,-83,1451668836278,8
370000,-71,1451668836282,24
370000,-89,1451668836317,1
370000,-93,1451668836349,20
370000,-69,1451668836352,22
370000,-83,1451668836369,8
370000,-71,1451668836373,24
370000,-90,1451668836422,1
370000,-99,1451668836453,20
370000,-65,1451668836458,22
370000,-89,1451668836475,8
370000,-70,1451668836482,24
370000,-98,1451668836516,1
370000,-90,1451668836537,19
370000,-66,1451668836555,22
370000,-87,1451668836583,8
370000,-70,1451668836592,24
370000,-91,1451668836630,19
370000,-65,1451668836656,22
370000,-87,1451668836688,8
370000,-70,1451668836693,24
370000,-96,1451668836727,1
370000,-92,1451668836756,19
370000,-66,1451668836764,22
370000,-89,1451668836790,8
370000,-71,1451668836798,24
370000,-93,1451668836843,19
370000,-66,1451668836878,22
370000,-98,1451668836894,20
370000,-91,1451668836897,8
370000,-71,1451668836914,24
370000,-93,1451668836943,19
370000,-64,1451668836983,22
370000,-99,1451668837005,20
370000,-90,1451668837010,8
370000,-71,1451668837014,24
370000,-90,1451668837042,19
370000,-66,1451668837074,22
370000,-90,1451668837094,8
370000,-72,1451668837101,24
370000,-92,1451668837155,19
370000,-71,1451668837200,24
370000,-93,1451668837248,19
370000,-100,1451668837284,1
370000,-64,1451668837298,22
370000,-90,1451668837317,8
370000,-71,1451668837319,24
370000,-93,1451668837349,19
370000,-67,1451668837385,22
370000,-90,1451668837415,8
370000,-71,1451668837417,24
370000,-95,1451668837457,19
370000,-66,1451668837490,22
370000,-100,1451668837522,20
370000,-90,1451668837531,8
370000,-71,1451668837534,24
370000,-94,1451668837565,19
370000,-97,1451668837593,1
370000,-64,1451668837598,22
370000,-90,1451668837627,8
370000,-71,1451668837632,24
370000,-92,1451668837668,19
370000,-99,1451668837708,1
370000,-66,1451668837713,22
370000,-90,1451668837736,8
370000,-71,1451668837741,24
370000,-94,1451668837780,19
370000,-102,1451668837805,1
370000,-64,1451668837810,22
370000,-101,1451668837841,20
370000,-90,1451668837846,8
370000,-71,1451668837849,24
370000,-92,1451668837905,19
370000,-63,1451668837937,22
370000,-90,1451668837942,8
370000,-93,1451668837982,19
370000,-97,1451668838003,1
370000,-66,1451668838021,22
370000,-90,1451668838054,8
370000,-71,1451668838058,24
370000,-93,1451668838091,19
370000,-64,1451668838127,22
370000,-90,1451668838162,8
370000,-72,1451668838168,24
370000,-93,1451668838204,19
370000,-98,1451668838214,1
370000,-99,1451668838232,20
370000,-90,1451668838258,8
370000,-71,1451668838265,24
370000,-94,1451668838309,19
370000,-100,1451668838312,1
370000,-64,1451668838338,22
370000,-90,1451668838373,8
370000,-71,1451668838377,24
370000,-64,1451668838437,22
370000,-99,1451668838470,20
370000,-94,1451668838521,19
370000,-66,1451668838553,22
370000,-98,1451668838555,20
370000,-91,1451668838565,8
370000,-71,1451668838581,24
370000,-94,1451668838618,19
370000,-97,1451668838632,1
370000,-64,1451668838647,22
370000,-100,1451668838664,20
370000,-90,1451668838682,8
370000,-71,1451668838684,24
370000,-93,1451668838737,19
370000,-100,1451668838741,1
370000,-64,1451668838757,22
370000,-99,1451668838761,20
370000,-71,1451668838792,24
370000,-94,1451668838833,19
370000,-64,1451668838854,22
370000,-100,1451668838888,20
370000,-90,1451668838892,8
370000,-93,1451668838947,19
370000,-97,1451668838951,1
370000,-66,1451668838979,22
370000,-98,1451668838983,20
370000,-90,1451668839005,8
370000,-72,1451668839010,24
370000,-66,1451668839063,22
370000,-90,1451668839098,8
370000,-71,1451668839123,24
370000,-94,1451668839160,19
370000,-64,1451668839189,22
370000,-100,1451668839195,20
370000,-90,1451668839224,8
370000,-72,1451668839230,24
370000,-93,1451668839252,19
370000,-64,1451668839268,22
370000,-91,1451668839301,8
370000,-71,1451668839318,24
370000,-93,1451668839348,19
370000,-100,1451668839366,1
370000,-66,1451668839380,22
370000,-90,1451668839413,8
370000,-71,1451668839430,24
370000,-94,1451668839451,19
370000,-97,1451668839470,1
370000,-66,1451668839488,22
370000,-91,1451668839513,8
370000,-71,1451668839536,24
370000,-94,1451668839552,19
370000,-66,1451668839602,22
370000,-90,1451668839619,8
370000,-71,1451668839654,24
370000,-93,1451668839660,19
370000,-98,1451668839688,1
370000,-97,1451668839726,20
370000,-92,1451668839730,8
370000,-96,1451668839796,1
370000,-64,1451668839804,22
370000,-99,1451668839840,20
370000,-89,1451668839848,8
370000,-71,1451668839873,24
370000,-92,1451668839894,19
370000,-66,1451668839919,22
370000,-90,1451668839936,8
370000,-93,1451668839986,19
370000,-98,1451668840007,1
370000,-90,1451668840043,8
370000,-102,1451668840109,1
370000,-64,1451668840115,22
370000,-98,1451668840141,20
370000,-90,1451668840149,8
370000,-93,1451668840192,19
370000,-71,1451668840196,24
370000,-99,1451668840220,1
370000,-64,1451668840225,22
370000,-90,1451668840253,8
370000,-71,1451668840290,24
370000,-99,1451668840318,1
370000,-64,1451668840323,22
370000,-99,1451668840342,20
370000,-91,1451668840347,8
370000,-71,1451668840382,24
370000,-92,1451668840386,19
370000,-63,1451668840427,22
370000,-98,1451668840453,20
370000,-90,1451668840463,8
370000,-93,1451668840505,19
370000,-64,1451668840536,22
370000,-97,1451668840561,20
370000,-90,1451668840567,8
370000,-71,1451668840592,24
370000,-92,1451668840624,19
370000,-99,1451668840653,1
370000,-64,1451668840657,22
370000,-101,1451668840661,20
370000,-90,1451668840666,8
370000,-71,1451668840716,24
370000,-93,1451668840720,19
370000,-100,1451668840740,1
370000,-67,1451668840745,22
370000,-89,1451668840771,8
370000,-71,1451668840814,24
370000,-92,1451668840843,19
370000,-101,1451668840848,1
370000,-66,1451668840850,22
370000,-97,1451668840866,20
370000,-90,1451668840882,8
370000,-71,1451668840916,24
370000,-93,1451668840920,19
370000,-98,1451668840932,1
370000,-66,1451668840947,22
370000,-99,1451668840964,20
370000,-91,1451668840981,8
370000,-71,1451668841006,24
370000,-66,1451668841045,22
370000,-98,1451668841066,20
370000,-90,1451668841084,8
370000,-71,1451668841115,24
370000,-64,1451668841151,22
370000,-90,1451668841193,8
370000,-93,1451668841232,19
370000,-64,1451668841259,22
370000,-90,1451668841302,8
370000,-71,1451668841364,24
370000,-93,1451668841378,19
370000,-63,1451668841407,22
370000,-97,1451668841412,1
370000,-102,1451668841416,20
370000,-90,1451668841419,8
370000,-75,1451668841444,24
370000,-68,1451668841473,22
370000,-76,1451668841557,24
370000,-68,1451668841580,22
370000,-75,1451668841640,24
370000,-68,1451668841687,22
370000,-75,1451668841745,24
370000,-68,1451668841796,22
370000,-76,1451668841849,24
370000,-68,1451668841910,22
370000,-75,1451668841961,24
370000,-68,1451668842001,22
370000,-76,1451668842063,24
370000,-68,1451668842110,22
370000,-76,1451668842167,24
370000,-69,1451668842214,22
370000,-76,1451668842277,24
370000,-68,1451668842330,22
370000,-76,1451668842383,24
370000,-68,1451668842427,22
370000,-76,1451668842491,24
370000,-68,1451668842535,22
370000,-76,1451668842597,24
370000,-68,1451668842658,22
370000,-75,1451668842699,24
370000,-68,1451668842743,22
370000,-75,1451668842800,24
370000,-68,1451668842870,22
370000,-75,1451668842910,24
370000,-68,1451668842954,22
370000,-68,1451668843061,22
370000,-75,1451668843117,24
370000,-68,1451668843170,22
370000,-76,1451668843237,24
370000,-68,1451668843270,22
370000,-76,1451668843341,24
370000,-68,1451668843402,22
370000,-76,1451668843435,24
370000,-68,1451668843503,22
370000,-76,1451668843647,24
370000,-68,1451668843705,22
370000,-75,1451668843771,24
370000,-68,1451668843809,22
370000,-76,1451668843855,24
370000,-68,1451668843910,22
370000,-76,1451668843986,24
370000,-68,1451668844021,22
370000,-75,1451668844059,24
370000,-68,1451668844132,22
370000,-75,1451668844183,24
370000,-68,1451668844225,22
370000,-76,1451668844290,24
370000,-68,1451668844328,22
370000,-74,1451668844378,24
370000,-68,1451668844431,22
370000,-75,1451668844486,24
370000,-64,1451668844533,22
370000,-77,1451668844587,24
370000,-76,1451668844689,24
370000,-68,1451668844749,22
370000,-75,1451668844804,24
370000,-68,1451668844852,22
370000,-97,1451668844891,19
370000,-76,1451668844915,24
370000,-64,1451668844951,22
370000,-76,1451668845008,24
370000,-68,1451668845060,22
370000,-75,1451668845114,24
370000,-68,1451668845176,22
370000,-76,1451668845215,24
370000,-68,1451668845275,22
370000,-75,1451668845324,24
370000,-68,1451668845380,22
370000,-76,1451668845422,24
370000,-68,1451668845497,22
370000,-76,1451668845528,24
370000,-68,1451668845592,22
370000,-75,1451668845632,24
370000,-68,1451668845695,22
370000,-75,1451668845755,24
370000,-68,1451668845807,22
370000,-75,1451668845852,24
370000,-68,1451668845927,22
370000,-76,1451668845954,24
370000,-64,1451668846017,22
370000,-75,1451668846057,24
370000,-68,1451668846127,22
370000,-76,1451668846165,24
370000,-68,1451668846237,22
370000,-75,1451668846283,24
370000,-69,1451668846343,22
370000,-76,1451668846372,24
370000,-83,1451668846427,8
370000,-93,1451668846429,20
370000,-69,1451668846456,22
370000,-93,1451668846459,19
370000,-71,1451668846480,24
370000,-92,1451668846498,1
370000,-83,1451668846527,8
370000,-94,1451668846550,20
370000,-69,1451668846569,22
370000,-94,1451668846572,19
370000,-72,1451668846597,24
370000,-93,1451668846603,1
370000,-83,1451668846643,8
370000,-69,1451668846666,22
370000,-72,1451668846703,24
370000,-93,1451668846741,20
370000,-83,1451668846766,8
370000,-69,1451668846776,22
370000,-94,1451668846779,19
370000,-72,1451668846798,24
370000,-93,1451668846831,1
370000,-94,1451668846870,19
370000,-72,1451668846905,24
370000,-94,1451668846956,20
370000,-84,1451668846962,8
370000,-94,1451668847000,19
370000,-70,1451668847004,22
370000,-72,1451668847006,24
370000,-92,1451668847028,1
370000,-94,1451668847053,20
370000,-83,1451668847080,8
370000,-95,1451668847083,19
370000,-70,1451668847087,22
370000,-72,1451668847098,24
370000,-94,1451668847157,20
370000,-83,1451668847179,8
370000,-95,1451668847181,19
370000,-70,1451668847199,22
370000,-93,1451668847262,20
370000,-83,1451668847282,8
370000,-96,1451668847286,19
370000,-69,1451668847314,22
370000,-72,1451668847319,24
370000,-92,1451668847357,1
370000,-94,1451668847388,20
370000,-83,1451668847397,8
370000,-96,1451668847404,19
370000,-72,1451668847423,24
370000,-92,1451668847455,1
370000,-94,1451668847484,20
370000,-83,1451668847487,8
370000,-94,1451668847520,19
370000,-69,1451668847523,22
370000,-72,1451668847526,24
370000,-92,1451668847556,1
370000,-94,1451668847579,20
370000,-83,1451668847597,8
370000,-94,1451668847599,19
370000,-69,1451668847614,22
370000,-72,1451668847618,24
370000,-95,1451668847685,20
370000,-84,1451668847716,8
370000,-95,1451668847721,19
370000,-72,1451668847723,24
370000,-69,1451668847725,22
370000,-92,1451668847756,1
370000,-93,1451668847794,20
370000,-83,1451668847827,8
370000,-96,1451668847831,19
370000,-72,1451668847837,24
370000,-69,1451668847842,22
370000,-92,1451668847864,1
370000,-93,1451668847896,20
370000,-83,1451668847912,8
370000,-94,1451668847928,19
370000,-69,1451668847934,22
370000,-92,1451668847963,1
370000,-94,1451668847997,20
370000,-83,1451668848014,8
370000,-95,1451668848042,19
370000,-73,1451668848045,24
370000,-70,1451668848049,22
370000,-84,1451668848120,8
370000,-94,1451668848145,19
370000,-72,1451668848149,24
370000,-70,1451668848152,22
370000,-93,1451668848169,1
370000,-93,1451668848212,20
370000,-83,1451668848226,8
370000,-92,1451668848249,19
370000,-72,1451668848254,24
370000,-69,1451668848262,22
370000,-91,1451668848280,1
370000,-94,1451668848324,20
370000,-83,1451668848348,8
370000,-72,1451668848352,24
370000,-94,1451668848354,19
370000,-70,1451668848356,22
370000,-92,1451668848387,1
370000,-94,1451668848423,20
370000,-83,1451668848441,8
370000,-72,1451668848446,24
370000,-94,1451668848468,19
370000,-70,1451668848473,22
370000,-93,1451668848499,1
370000,-93,1451668848539,20
370000,-84,1451668848546,8
370000,-72,1451668848568,24
370000,-94,1451668848573,19
370000,-70,1451668848576,22
370000,-92,1451668848599,1
370000,-94,1451668848825,20
370000,-83,1451668848827,8
370000,-72,1451668848829,24
370000,-95,1451668848831,19
370000,-69,1451668848834,22
370000,-92,1451668848839,1
370000,-94,1451668848841,20
370000,-84,1451668848843,8
370000,-72,1451668848846,24
370000,-95,1451668848849,19
370000,-69,1451668848852,22
370000,-92,1451668848855,1
370000,-97,1451668848864,20
370000,-84,1451668848871,8
370000,-72,1451668848874,24
370000,-70,1451668848877,22
370000,-93,1451668848903,1
370000,-94,1451668848943,20
370000,-83,1451668848958,8
370000,-72,1451668848968,24
370000,-94,1451668848972,19
370000,-69,1451668848975,22
370000,-92,1451668849002,1
370000,-93,1451668849053,20
370000,-84,1451668849068,8
370000,-72,1451668849072,24
370000,-70,1451668849085,22
370000,-91,1451668849107,1
370000,-94,1451668849160,20
370000,-72,1451668849170,24
370000,-69,1451668849185,22
370000,-92,1451668849210,1
370000,-93,1451668849267,20
370000,-83,1451668849271,8
370000,-73,1451668849275,24
370000,-69,1451668849285,22
370000,-94,1451668849288,19
370000,-92,1451668849317,1
370000,-93,1451668849384,20
370000,-72,1451668849396,24
370000,-69,1451668849400,22
370000,-94,1451668849410,19
370000,-93,1451668849416,1
370000,-72,1451668849494,24
370000,-69,1451668849498,22
370000,-95,1451668849501,19
370000,-93,1451668849521,1
370000,-83,1451668849585,8
370000,-70,1451668849592,22
370000,-72,1451668849597,24
370000,-94,1451668849602,19
370000,-91,1451668849626,1
370000,-83,1451668849691,8
370000,-94,1451668849697,20
370000,-73,1451668849704,24
370000,-91,1451668849733,1
370000,-94,1451668849811,20
370000,-69,1451668849820,22
370000,-94,1451668849831,19
370000,-72,1451668849840,24
370000,-91,1451668849858,1
370000,-83,1451668849902,8
370000,-93,1451668849906,20
370000,-94,1451668849909,19
370000,-69,1451668849912,22
370000,-72,1451668849915,24
370000,-83,1451668850007,8
370000,-96,1451668850014,19
370000,-73,1451668850017,24
370000,-92,1451668850046,1
370000,-83,1451668850110,8
370000,-94,1451668850117,19
370000,-94,1451668850126,20
370000,-69,1451668850134,22
370000,-72,1451668850142,24
370000,-92,1451668850152,1
370000,-83,1451668850214,8
370000,-94,1451668850224,19
370000,-94,1451668850236,20
370000,-70,1451668850246,22
370000,-72,1451668850256,24
370000,-91,1451668850266,1
370000,-84,1451668850322,8
370000,-94,1451668850332,19
370000,-94,1451668850344,20
370000,-70,1451668850354,22
370000,-72,1451668850364,24
370000,-92,1451668850374,1
370000,-83,1451668850430,8
370000,-94,1451668850441,20
370000,-69,1451668850453,22
370000,-72,1451668850463,24
370000,-92,1451668850484,1
370000,-83,1451668850533,8
370000,-70,1451668850548,22
370000,-72,1451668850555,24
370000,-92,1451668850574,1
370000,-83,1451668850637,8
370000,-92,1451668850644,20
370000,-70,1451668850654,22
370000,-72,1451668850664,24
370000,-91,1451668850684,1
370000,-83,1451668850741,8
370000,-94,1451668850749,19
370000,-69,1451668850761,22
370000,-72,1451668850770,24
370000,-92,1451668850788,1
370000,-84,1451668850848,8
370000,-94,1451668850863,20
370000,-69,1451668850897,22
370000,-72,1451668850901,24
370000,-93,1451668850904,1
370000,-83,1451668850946,8
370000,-96,1451668850949,19
370000,-93,1451668850952,20
370000,-69,1451668850969,22
370000,-91,1451668850993,1
370000,-83,1451668851052,8
370000,-96,1451668851056,19
370000,-90,1451668851101,1
370000,-83,1451668851158,8
370000,-94,1451668851170,19
370000,-69,1451668851181,22
370000,-72,1451668851190,24
370000,-70,1451668851282,22
370000,-91,1451668851305,1
370000,-95,1451668851365,19
370000,-84,1451668851368,8
370000,-94,1451668851371,20
370000,-72,1451668851389,24
370000,-91,1451668851405,1
370000,-92,1451668851469,19
370000,-90,1451668851478,8
370000,-70,1451668851491,24
370000,-63,1451668851500,22
370000,-99,1451668851513,1
370000,-94,1451668851572,19
370000,-100,1451668851585,20
370000,-71,1451668851606,24
370000,-66,1451668851615,22
370000,-93,1451668851672,19
370000,-98,1451668851683,20
370000,-90,1451668851695,8
370000,-71,1451668851704,24
370000,-64,1451668851715,22
370000,-93,1451668851775,19
370000,-90,1451668851787,8
370000,-71,1451668851795,24
370000,-66,1451668851812,22
370000,-93,1451668851881,19
370000,-98,1451668851886,20
370000,-90,1451668851898,8
370000,-64,1451668851918,22
370000,-93,1451668851990,19
370000,-71,1451668852002,24
370000,-63,1451668852021,22
370000,-99,1451668852045,1
370000,-90,1451668852093,19
370000,-71,1451668852104,24
370000,-90,1451668852115,8
370000,-66,1451668852130,22
370000,-99,1451668852155,1
370000,-93,1451668852196,19
370000,-71,1451668852207,24
370000,-91,1451668852217,8
370000,-66,1451668852238,22
370000,-99,1451668852263,1
370000,-93,1451668852303,19
370000,-71,1451668852319,24
370000,-91,1451668852348,8
370000,-64,1451668852361,22
370000,-97,1451668852379,1
370000,-93,1451668852406,19
370000,-71,1451668852417,24
370000,-90,1451668852422,8
370000,-64,1451668852439,22
370000,-97,1451668852463,1
370000,-93,1451668852515,19
370000,-91,1451668852527,8
370000,-99,1451668852567,1
370000,-92,1451668852620,19
370000,-71,1451668852637,24
370000,-98,1451668852646,20
370000,-90,1451668852655,8
370000,-64,1451668852663,22
370000,-92,1451668852726,19
370000,-97,1451668852735,20
370000,-71,1451668852747,24
370000,-91,1451668852757,8
370000,-66,1451668852766,22
370000,-93,1451668852839,19
370000,-71,1451668852849,24
370000,-100,1451668852861,20
370000,-90,1451668852871,8
370000,-66,1451668852881,22
370000,-100,1451668852900,1
370000,-94,1451668852935,19
370000,-71,1451668852938,24
370000,-90,1451668852948,8
370000,-64,1451668852962,22
370000,-101,1451668852981,1
370000,-93,1451668853045,19
370000,-91,1451668853055,8
370000,-66,1451668853065,22
370000,-97,1451668853084,1
370000,-93,1451668853145,19
370000,-71,1451668853152,24
370000,-90,1451668853163,8
370000,-98,1451668853172,20
370000,-64,1451668853180,22
370000,-100,1451668853189,1
370000,-93,1451668853254,19
370000,-71,1451668853257,24
370000,-100,1451668853260,20
370000,-91,1451668853263,8
370000,-66,1451668853276,22
370000,-98,1451668853292,1
370000,-93,1451668853363,19
370000,-71,1451668853366,24
370000,-89,1451668853370,8
370000,-66,1451668853386,22
370000,-99,1451668853398,1
370000,-93,1451668853465,19
370000,-71,1451668853468,24
370000,-91,1451668853474,8
370000,-66,1451668853488,22
370000,-99,1451668853505,1
370000,-93,1451668853570,19
370000,-71,1451668853579,24
370000,-91,1451668853591,8
370000,-100,1451668853601,20
370000,-64,1451668853611,22
370000,-98,1451668853621,1
370000,-94,1451668853674,19
370000,-71,1451668853682,24
370000,-91,1451668853685,8
370000,-67,1451668853701,22
370000,-98,1451668853706,1
370000,-92,1451668853803,19
370000,-72,1451668853810,24
370000,-90,1451668853812,8
370000,-64,1451668853817,22
370000,-93,1451668853880,19
370000,-72,1451668853885,24
370000,-98,1451668853907,1
370000,-67,1451668853913,22
370000,-92,1451668853985,19
370000,-72,1451668853992,24
370000,-91,1451668853998,8
370000,-98,1451668854002,20
370000,-98,1451668854007,1
370000,-66,1451668854015,22
370000,-94,1451668854085,19
370000,-71,1451668854096,24
370000,-98,1451668854107,20
370000,-64,1451668854115,22
370000,-93,1451668854188,19
370000,-71,1451668854203,24
370000,-90,1451668854212,8
370000,-66,1451668854219,22
370000,-100,1451668854222,1
370000,-92,1451668854296,19
370000,-71,1451668854307,24
370000,-102,1451668854313,20
370000,-99,1451668854331,1
370000,-93,1451668854402,19
370000,-71,1451668854417,24
370000,-99,1451668854420,20
370000,-90,1451668854424,8
370000,-66,1451668854431,22
370000,-98,1451668854438,1
370000,-92,1451668854508,19
370000,-71,1451668854523,24
370000,-91,1451668854526,8
370000,-64,1451668854538,22
370000,-96,1451668854545,1
370000,-93,1451668854613,19
370000,-71,1451668854625,24
370000,-97,1451668854634,20
370000,-91,1451668854639,8
370000,-64,1451668854646,22
370000,-99,1451668854649,1
370000,-93,1451668854721,19
370000,-72,1451668854724,24
370000,-99,1451668854731,20
370000,-90,1451668854741,8
370000,-66,1451668854750,22
370000,-93,1451668854824,19
370000,-71,1451668854829,24
370000,-96,1451668854838,20
370000,-91,1451668854844,8
370000,-66,1451668854852,22
370000,-100,1451668854857,1
370000,-93,1451668854930,19
370000,-72,1451668854938,24
370000,-99,1451668854941,20
370000,-90,1451668854949,8
370000,-66,1451668854959,22
370000,-99,1451668854962,1
370000,-93,1451668855034,19
370000,-67,1451668855040,24
370000,-100,1451668855049,20
370000,-91,1451668855053,8
370000,-66,1451668855064,22
370000,-98,1451668855071,1
370000,-92,1451668855140,19
370000,-89,1451668855154,8
370000,-66,1451668855168,22
370000,-94,1451668855242,19
370000,-71,1451668855250,24
370000,-90,1451668855261,8
370000,-100,1451668855266,20
370000,-64,1451668855275,22
370000,-95,1451668855280,1
370000,-94,1451668855349,19
370000,-71,1451668855360,24
370000,-90,1451668855365,8
370000,-67,1451668855384,22
370000,-93,1451668855456,19
370000,-71,1451668855467,24
370000,-91,1451668855470,8
370000,-98,1451668855483,20
370000,-64,1451668855491,22
370000,-94,1451668855561,19
370000,-70,1451668855574,24
370000,-66,1451668855600,22
370000,-94,1451668855668,19
370000,-70,1451668855678,24
370000,-66,1451668855709,22
370000,-93,1451668855777,19
370000,-71,1451668855784,24
370000,-90,1451668855787,8
370000,-98,1451668855797,1
370000,-67,1451668855810,22
370000,-93,1451668855879,19
370000,-71,1451668855887,24
370000,-91,1451668855895,8
370000,-99,1451668855901,20
370000,-98,1451668855904,1
370000,-66,1451668855919,22
370000,-93,1451668855984,19
370000,-71,1451668855993,24
370000,-90,1451668855997,8
370000,-97,1451668856003,20
370000,-100,1451668856012,1
370000,-64,1451668856025,22
370000,-93,1451668856088,19
370000,-71,1451668856093,24
370000,-90,1451668856102,8
370000,-98,1451668856106,20
370000,-66,1451668856128,22
370000,-67,1451668856196,24
370000,-90,1451668856205,8
370000,-98,1451668856227,1
370000,-66,1451668856234,22
370000,-71,1451668856298,24
370000,-98,1451668856318,20
370000,-93,1451668856404,19
370000,-68,1451668856442,22
370000,-69,1451668856551,22
370000,-76,1451668856614,24
370000,-68,1451668856657,22
370000,-75,1451668856751,24
370000,-68,1451668856767,22
370000,-75,1451668856824,24
370000,-68,1451668856870,22
370000,-75,1451668856934,24
370000,-68,1451668856977,22
370000,-75,1451668857042,24
370000,-64,1451668857085,22
370000,-75,1451668857164,24
370000,-68,1451668857211,22
370000,-76,1451668857255,24
370000,-68,1451668857286,22
370000,-75,1451668857363,24
370000,-68,1451668857394,22
370000,-76,1451668857475,24
370000,-68,1451668857517,22
370000,-75,1451668857600,24
370000,-68,1451668857624,22
370000,-76,1451668857687,24
370000,-75,1451668857791,24
370000,-68,1451668857814,22
370000,-75,1451668857900,24
370000,-68,1451668857918,22
370000,-76,1451668858002,24
370000,-68,1451668858036,22
370000,-76,1451668858130,24
370000,-68,1451668858157,22
370000,-75,1451668858212,24
370000,-68,1451668858233,22
370000,-76,1451668858319,24
370000,-68,1451668858338,22
370000,-75,1451668858422,24
370000,-68,1451668858448,22
370000,-68,1451668858551,22
370000,-75,1451668858646,24
370000,-68,1451668858673,22
370000,-76,1451668858722,24
370000,-68,1451668858752,22
370000,-76,1451668858832,24
370000,-68,1451668858857,22
370000,-68,1451668858964,22
370000,-76,1451668859068,24
370000,-68,1451668859096,22
370000,-76,1451668859157,24
370000,-68,1451668859177,22
370000,-75,1451668859258,24
370000,-68,1451668859280,22
370000,-68,1451668859389,22
370000,-76,1451668859469,24
370000,-68,1451668859491,22
370000,-76,1451668859579,24
370000,-68,1451668859610,22
370000,-68,1451668859704,22
370000,-75,1451668859777,24
370000,-64,1451668859810,22
370000,-76,1451668859878,24
370000,-68,1451668859919,22
370000,-75,1451668859988,24
370000,-68,1451668860028,22
370000,-75,1451668860102,24
370000,-68,1451668860150,22
370000,-75,1451668860200,24
370000,-76,1451668860296,24
370000,-68,1451668860343,22
370000,-76,1451668860405,24
370000,-68,1451668860449,22
370000,-76,1451668860505,24
370000,-68,1451668860555,22
370000,-76,1451668860613,24
370000,-68,1451668860673,22
370000,-75,1451668860738,24
370000,-68,1451668860767,22
370000,-76,1451668860821,24
370000,-68,1451668860858,22
370000,-76,1451668860924,24
370000,-69,1451668860959,22
370000,-75,1451668861032,24
370000,-68,1451668861065,22
370000,-76,1451668861150,24
370000,-68,1451668861179,22
370000,-76,1451668861235,24
370000,-68,1451668861273,22
370000,-76,1451668861344,24
370000,-68,1451668861374,22
370000,-72,1451668861445,24
370000,-83,1451668861450,8
370000,-91,1451668861465,1
370000,-69,1451668861477,22
370000,-93,1451668861488,20
370000,-72,1451668861551,24
370000,-94,1451668861564,19
370000,-92,1451668861592,1
370000,-70,1451668861607,22
370000,-83,1451668861658,8
370000,-95,1451668861662,19
370000,-92,1451668861679,1
370000,-69,1451668861696,22
370000,-94,1451668861699,20
370000,-83,1451668861765,8
370000,-95,1451668861769,19
370000,-91,1451668861787,1
370000,-69,1451668861797,22
370000,-93,1451668861800,20
370000,-83,1451668861871,8
370000,-94,1451668861889,19
370000,-72,1451668861904,24
370000,-92,1451668861917,1
370000,-95,1451668861928,20
370000,-70,1451668861931,22
370000,-84,1451668861971,8
370000,-94,1451668861975,19
370000,-72,1451668861978,24
370000,-94,1451668862002,20
370000,-69,1451668862005,22
370000,-84,1451668862074,8
370000,-72,1451668862077,24
370000,-95,1451668862080,19
370000,-92,1451668862107,1
370000,-93,1451668862111,20
370000,-69,1451668862114,22
370000,-83,1451668862182,8
370000,-72,1451668862194,24
370000,-95,1451668862202,19
370000,-92,1451668862212,1
370000,-69,1451668862230,22
370000,-72,1451668862287,24
370000,-91,1451668862308,1
370000,-94,1451668862320,20
370000,-70,1451668862323,22
370000,-72,1451668862387,24
370000,-84,1451668862390,8
370000,-94,1451668862396,19
370000,-92,1451668862416,1
370000,-94,1451668862422,20
370000,-69,1451668862432,22
370000,-73,1451668862498,24
370000,-83,1451668862512,8
370000,-94,1451668862527,19
370000,-93,1451668862542,1
370000,-93,1451668862549,20
370000,-70,1451668862552,22
370000,-72,1451668862593,24
370000,-84,1451668862606,8
370000,-94,1451668862609,19
370000,-92,1451668862631,1
370000,-70,1451668862640,22
370000,-72,1451668862698,24
370000,-83,1451668862712,8
370000,-94,1451668862716,19
370000,-93,1451668862740,1
370000,-94,1451668862745,20
370000,-69,1451668862754,22
370000,-72,1451668862803,24
370000,-83,1451668862816,8
370000,-94,1451668862826,19
370000,-92,1451668862851,1
370000,-69,1451668862862,22
370000,-72,1451668862905,24
370000,-83,1451668862937,8
370000,-94,1451668862948,19
370000,-91,1451668862957,1
370000,-94,1451668862960,20
370000,-69,1451668862964,22
370000,-72,1451668863005,24
370000,-84,1451668863024,8
370000,-93,1451668863037,19
370000,-92,1451668863052,1
370000,-69,1451668863073,22
370000,-72,1451668863106,24
370000,-84,1451668863130,8
370000,-95,1451668863140,19
370000,-92,1451668863159,1
370000,-93,1451668863165,20
370000,-69,1451668863180,22
370000,-72,1451668863211,24
370000,-83,1451668863235,8
370000,-94,1451668863244,19
370000,-93,1451668863266,1
370000,-94,1451668863277,20
370000,-73,1451668863318,24
370000,-83,1451668863344,8
370000,-95,1451668863357,19
370000,-69,1451668863405,22
370000,-72,1451668863421,24
370000,-83,1451668863451,8
370000,-93,1451668863466,19
370000,-91,1451668863480,1
370000,-94,1451668863495,20
370000,-70,1451668863519,22
370000,-72,1451668863522,24
370000,-94,1451668863552,19
370000,-92,1451668863576,1
370000,-69,1451668863598,22
370000,-72,1451668863624,24
370000,-95,1451668863652,19
370000,-83,1451668863656,8
370000,-92,1451668863684,1
370000,-93,1451668863694,20
370000,-69,1451668863704,22
370000,-72,1451668863723,24
370000,-95,1451668863757,19
370000,-84,1451668863767,8
370000,-94,1451668863806,20
370000,-69,1451668863819,22
370000,-72,1451668863829,24
370000,-95,1451668863861,19
370000,-83,1451668863872,8
370000,-92,1451668863895,1
370000,-95,1451668863906,20
370000,-70,1451668863931,22
370000,-72,1451668863941,24
370000,-93,1451668863968,19
370000,-83,1451668863978,8
370000,-92,1451668864002,1
370000,-69,1451668864035,22
370000,-72,1451668864044,24
370000,-84,1451668864090,8
370000,-92,1451668864106,1
370000,-94,1451668864116,20
370000,-70,1451668864136,22
370000,-72,1451668864147,24
370000,-94,1451668864176,19
370000,-83,1451668864195,8
370000,-91,1451668864207,1
370000,-93,1451668864214,20
370000,-69,1451668864222,22
370000,-72,1451668864254,24
370000,-94,1451668864285,19
370000,-83,1451668864302,8
370000,-92,1451668864312,1
370000,-93,1451668864322,20
370000,-70,1451668864325,22
370000,-73,1451668864362,24
370000,-94,1451668864391,19
370000,-83,1451668864404,8
370000,-91,1451668864420,1
370000,-70,1451668864453,22
370000,-71,1451668864468,24
370000,-96,1451668864495,19
370000,-91,1451668864519,1
370000,-70,1451668864530,22
370000,-94,1451668864535,20
370000,-72,1451668864575,24
370000,-94,1451668864599,19
370000,-83,1451668864614,8
370000,-92,1451668864629,1
370000,-70,1451668864636,22
370000,-95,1451668864643,20
370000,-72,1451668864675,24
370000,-94,1451668864703,19
370000,-84,1451668864719,8
370000,-69,1451668864743,22
370000,-94,1451668864757,20
370000,-72,1451668864781,24
370000,-94,1451668864810,19
370000,-92,1451668864851,1
370000,-70,1451668864886,22
370000,-94,1451668864889,20
370000,-72,1451668864896,24
370000,-94,1451668864914,19
370000,-84,1451668864920,8
370000,-92,1451668864943,1
370000,-70,1451668864952,22
370000,-93,1451668864964,20
370000,-72,1451668864987,24
370000,-94,1451668865019,19
370000,-84,1451668865023,8
370000,-70,1451668865060,22
370000,-93,1451668865066,20
370000,-71,1451668865091,24
370000,-83,1451668865127,8
370000,-96,1451668865133,19
370000,-69,1451668865169,22
370000,-95,1451668865179,20
370000,-72,1451668865193,24
370000,-96,1451668865238,19
370000,-83,1451668865251,8
370000,-69,1451668865280,22
370000,-94,1451668865289,20
370000,-72,1451668865300,24
370000,-92,1451668865367,1
370000,-69,1451668865374,22
370000,-93,1451668865384,20
370000,-73,1451668865409,24
370000,-94,1451668865441,19
370000,-83,1451668865445,8
370000,-69,1451668865479,22
370000,-93,1451668865482,20
370000,-72,1451668865518,24
370000,-94,1451668865551,19
370000,-84,1451668865561,8
370000,-92,1451668865590,1
370000,-70,1451668865601,22
370000,-94,1451668865611,20
370000,-72,1451668865631,24
370000,-94,1451668865654,19
370000,-83,1451668865663,8
370000,-70,1451668865687,22
370000,-93,1451668865695,20
370000,-72,1451668865729,24
370000,-94,1451668865753,19
370000,-83,1451668865766,8
370000,-92,1451668865787,1
370000,-69,1451668865790,22
370000,-95,1451668865794,20
370000,-72,1451668865829,24
370000,-93,1451668865857,19
370000,-84,1451668865878,8
370000,-94,1451668865907,20
370000,-72,1451668865938,24
370000,-95,1451668865962,19
370000,-84,1451668865975,8
370000,-69,1451668866001,22
370000,-93,1451668866011,1
370000,-94,1451668866021,20
370000,-72,1451668866041,24
370000,-95,1451668866066,19
370000,-83,1451668866077,8
370000,-70,1451668866100,22
370000,-92,1451668866108,1
370000,-93,1451668866111,20
370000,-72,1451668866138,24
370000,-96,1451668866173,19
370000,-84,1451668866176,8
370000,-70,1451668866200,22
370000,-91,1451668866210,1
370000,-93,1451668866213,20
370000,-72,1451668866244,24
370000,-94,1451668866281,19
370000,-84,1451668866289,8
370000,-69,1451668866305,22
370000,-92,1451668866330,1
370000,-93,1451668866337,20
370000,-73,1451668866352,24
370000,-96,1451668866381,19
370000,-83,1451668866392,8
370000,-64,1451668866415,22
370000,-98,1451668866418,1
370000,-71,1451668866457,24
370000,-94,1451668866484,19
370000,-90,1451668866493,8
370000,-66,1451668866517,22
370000,-99,1451668866526,1
370000,-101,1451668866541,20
370000,-71,1451668866560,24
370000,-93,1451668866588,19
370000,-90,1451668866600,8
370000,-98,1451668866648,20
370000,-71,1451668866660,24
370000,-94,1451668866695,19
370000,-63,1451668866733,22
370000,-98,1451668866746,1
370000,-71,1451668866767,24
370000,-92,1451668866799,19
370000,-90,1451668866811,8
370000,-66,1451668866833,22
370000,-100,1451668866853,20
370000,-71,1451668866865,24
370000,-94,1451668866900,19
370000,-91,1451668866920,8
370000,-64,1451668866940,22
370000,-71,1451668866974,24
370000,-93,1451668867003,19
370000,-91,1451668867029,8
370000,-66,1451668867050,22
370000,-97,1451668867060,1
370000,-99,1451668867070,20
370000,-71,1451668867078,24
370000,-93,1451668867112,19
370000,-91,1451668867127,8
370000,-66,1451668867151,22
370000,-97,1451668867162,20
370000,-71,1451668867174,24
370000,-93,1451668867218,19
370000,-64,1451668867255,22
370000,-99,1451668867258,1
370000,-72,1451668867279,24
370000,-93,1451668867329,19
370000,-64,1451668867364,22
370000,-99,1451668867374,1
370000,-67,1451668867385,24
370000,-93,1451668867431,19
370000,-90,1451668867449,8
370000,-66,1451668867489,22
370000,-100,1451668867492,20
370000,-98,1451668867495,1
370000,-71,1451668867498,24
370000,-93,1451668867532,19
370000,-90,1451668867543,8
370000,-66,1451668867571,22
370000,-97,1451668867582,1
370000,-71,1451668867586,24
370000,-94,1451668867637,19
370000,-90,1451668867640,8
370000,-98,1451668867685,20
370000,-97,1451668867689,1
370000,-71,1451668867691,24
370000,-94,1451668867753,19
370000,-90,1451668867784,8
370000,-64,1451668867804,22
370000,-97,1451668867807,1
370000,-71,1451668867810,24
370000,-92,1451668867847,19
370000,-66,1451668867879,22
370000,-94,1451668867954,19
370000,-91,1451668867960,8
370000,-66,1451668867982,22
370000,-100,1451668868006,20
370000,-72,1451668868010,24
370000,-93,1451668868068,19
370000,-91,1451668868078,8
370000,-66,1451668868089,22
370000,-71,1451668868122,24
370000,-90,1451668868174,8
370000,-64,1451668868186,22
370000,-98,1451668868217,1
370000,-72,1451668868220,24
370000,-94,1451668868271,19
370000,-90,1451668868274,8
370000,-66,1451668868289,22
370000,-98,1451668868314,20
370000,-98,1451668868323,1
370000,-71,1451668868331,24
370000,-93,1451668868385,19
370000,-90,1451668868395,8
370000,-64,1451668868405,22
370000,-98,1451668868428,20
370000,-71,1451668868431,24
370000,-93,1451668868485,19
370000,-91,1451668868488,8
370000,-66,1451668868501,22
370000,-71,1451668868529,24
370000,-92,1451668868586,19
370000,-90,1451668868589,8
370000,-66,1451668868608,22
370000,-99,1451668868629,20
370000,-71,1451668868632,24
370000,-93,1451668868702,19
370000,-90,1451668868734,8
370000,-64,1451668868752,22
370000,-98,1451668868755,1
370000,-100,1451668868758,20
370000,-71,1451668868764,24
370000,-67,1451668868822,22
370000,-102,1451668868834,20
370000,-71,1451668868848,24
370000,-94,1451668868897,19
370000,-64,1451668868927,22
370000,-100,1451668868940,1
370000,-71,1451668868952,24
370000,-90,1451668868998,8
370000,-93,1451668869008,19
370000,-67,1451668869034,22
370000,-71,1451668869056,24
370000,-91,1451668869100,8
370000,-64,1451668869145,22
370000,-97,1451668869193,1
370000,-99,1451668869212,20
370000,-72,1451668869215,24
370000,-91,1451668869218,8
370000,-94,1451668869221,19
370000,-67,1451668869244,22
370000,-71,1451668869261,24
370000,-91,1451668869308,8
370000,-93,1451668869312,19
370000,-71,1451668869365,24
370000,-90,1451668869410,8
370000,-93,1451668869426,19
370000,-66,1451668869457,22
370000,-98,1451668869465,1
370000,-71,1451668869474,24
370000,-91,1451668869516,8
370000,-94,1451668869538,19
370000,-98,1451668869561,1
370000,-67,1451668869572,22
370000,-98,1451668869584,20
370000,-67,1451668869625,24
370000,-91,1451668869629,8
370000,-95,1451668869632,19
370000,-98,1451668869662,1
370000,-71,1451668869688,24
370000,-90,1451668869730,8
370000,-94,1451668869734,19
370000,-98,1451668869762,1
370000,-66,1451668869768,22
370000,-100,1451668869778,20
370000,-67,1451668869794,24
370000,-91,1451668869839,8
370000,-93,1451668869844,19
370000,-66,1451668869887,22
370000,-100,1451668869899,20
370000,-71,1451668869909,24
370000,-89,1451668869953,8
370000,-93,1451668869967,19
370000,-98,1451668869982,1
370000,-97,1451668869997,20
370000,-71,1451668870000,24
370000,-89,1451668870052,8
370000,-64,1451668870081,22
370000,-71,1451668870110,24
370000,-90,1451668870160,8
370000,-92,1451668870163,19
370000,-97,1451668870184,1
370000,-64,1451668870197,22
370000,-98,1451668870205,20
370000,-71,1451668870214,24
370000,-90,1451668870270,8
370000,-99,1451668870313,1
370000,-100,1451668870322,20
370000,-72,1451668870330,24
370000,-90,1451668870379,8
370000,-93,1451668870391,19
370000,-98,1451668870411,20
370000,-64,1451668870422,22
370000,-71,1451668870431,24
370000,-91,1451668870484,8
370000,-93,1451668870487,19
370000,-98,1451668870501,1
370000,-98,1451668870504,20
370000,-64,1451668870510,22
370000,-71,1451668870526,24
370000,-93,1451668870593,19
370000,-66,1451668870612,22
370000,-72,1451668870636,24
370000,-90,1451668870702,8
370000,-92,1451668870720,19
370000,-98,1451668870735,1
370000,-66,1451668870777,22
370000,-71,1451668870788,24
370000,-91,1451668870797,8
370000,-94,1451668870805,19
370000,-100,1451668870813,20
370000,-66,1451668870823,22
370000,-71,1451668870838,24
370000,-90,1451668870910,8
370000,-66,1451668870932,22
370000,-71,1451668870942,24
370000,-93,1451668871012,19
370000,-90,1451668871025,8
370000,-67,1451668871046,22
370000,-71,1451668871056,24
370000,-94,1451668871121,19
370000,-90,1451668871156,8
370000,-98,1451668871169,1
370000,-67,1451668871187,22
370000,-72,1451668871190,24
370000,-92,1451668871216,19
370000,-90,1451668871233,8
370000,-101,1451668871236,1
370000,-63,1451668871245,22
370000,-94,1451668871324,19
370000,-98,1451668871330,20
370000,-97,1451668871341,1
370000,-90,1451668871344,8
370000,-64,1451668871355,22
370000,-71,1451668871358,24
370000,-68,1451668871459,22
370000,-75,1451668871462,24
370000,-68,1451668871562,22
370000,-75,1451668871577,24
370000,-97,1451668871648,19
370000,-68,1451668871679,22
370000,-76,1451668871699,24
370000,-68,1451668871776,22
370000,-68,1451668871877,22
370000,-76,1451668871880,24
370000,-75,1451668871982,24
370000,-75,1451668872103,24
370000,-68,1451668872129,22
370000,-75,1451668872186,24
370000,-68,1451668872288,22
370000,-68,1451668872390,22
370000,-75,1451668872400,24
370000,-68,1451668872510,22
370000,-76,1451668872539,24
370000,-68,1451668872599,22
370000,-76,1451668872602,24
370000,-71,1451668872703,22
370000,-76,1451668872813,24
370000,-68,1451668872827,22
370000,-75,1451668872906,24
370000,-68,1451668872909,22
370000,-68,1451668873013,22
370000,-68,1451668873114,22
370000,-76,1451668873130,24
370000,-68,1451668873239,22
370000,-75,1451668873266,24
370000,-68,1451668873322,22
370000,-77,1451668873338,24
370000,-68,1451668873427,22
370000,-76,1451668873446,24
370000,-68,1451668873525,22
370000,-76,1451668873546,24
370000,-64,1451668873628,22
370000,-75,1451668873651,24
370000,-68,1451668873755,22
370000,-75,1451668873771,24
370000,-75,1451668873864,24
370000,-75,1451668873970,24
370000,-68,1451668874057,22
370000,-68,1451668874179,22
370000,-75,1451668874207,24
370000,-68,1451668874268,22
370000,-75,1451668874286,24
370000,-68,1451668874375,22
370000,-75,1451668874394,24
370000,-68,1451668874482,22
370000,-76,1451668874513,24
370000,-68,1451668874605,22
370000,-75,1451668874642,24
370000,-75,1451668874704,24
370000,-68,1451668874792,22
370000,-100,1451668874895,19
370000,-68,1451668874898,22
370000,-76,1451668874911,24
370000,-68,1451668875040,22
370000,-76,1451668875051,24
370000,-68,1451668875108,22
370000,-76,1451668875118,24
370000,-99,1451668875205,19
370000,-64,1451668875210,22
370000,-75,1451668875219,24
370000,-68,1451668875321,22
370000,-76,1451668875332,24
370000,-68,1451668875432,22
370000,-76,1451668875435,24
370000,-68,1451668875531,22
370000,-76,1451668875534,24
370000,-76,1451668875634,24
370000,-69,1451668875739,22
370000,-76,1451668875845,24
370000,-68,1451668875848,22
370000,-76,1451668875958,24
370000,-68,1451668875971,22
370000,-75,1451668876052,24
370000,-68,1451668876083,22
370000,-76,1451668876157,24
370000,-68,1451668876160,22
370000,-76,1451668876260,24
370000,-68,1451668876263,22
370000,-75,1451668876367,24
370000,-68,1451668876381,22
370000,-72,1451668876489,24
370000,-70,1451668876503,22
370000,-84,1451668876506,8
370000,-94,1451668876556,20
370000,-91,1451668876583,1
370000,-83,1451668876603,8
370000,-96,1451668876663,20
370000,-69,1451668876679,22
370000,-73,1451668876683,24
370000,-94,1451668876686,19
370000,-92,1451668876692,1
370000,-84,1451668876708,8
370000,-91,1451668876798,20
370000,-70,1451668876801,22
370000,-72,1451668876804,24
370000,-93,1451668876807,19
370000,-91,1451668876810,1
370000,-83,1451668876814,8
370000,-70,1451668876889,22
370000,-95,1451668876892,19
370000,-92,1451668876902,1
370000,-83,1451668876923,8
370000,-95,1451668876976,20
370000,-69,1451668876991,22
370000,-92,1451668877008,1
370000,-84,1451668877026,8
370000,-93,1451668877096,20
370000,-96,1451668877109,19
370000,-69,1451668877125,22
370000,-83,1451668877133,8
370000,-97,1451668877180,20
370000,-70,1451668877197,22
370000,-95,1451668877200,19
370000,-72,1451668877209,24
370000,-92,1451668877212,1
370000,-83,1451668877236,8
370000,-95,1451668877284,20
370000,-96,1451668877306,19
370000,-70,1451668877309,22
370000,-91,1451668877319,1
370000,-83,1451668877337,8
370000,-95,1451668877381,20
370000,-69,1451668877418,22
370000,-92,1451668877426,1
370000,-72,1451668877435,24
370000,-83,1451668877444,8
370000,-93,1451668877508,20
370000,-95,1451668877552,19
370000,-92,1451668877556,1
370000,-72,1451668877559,24
370000,-84,1451668877561,8
370000,-93,1451668877595,20
370000,-95,1451668877617,19
370000,-70,1451668877627,22
370000,-92,1451668877630,1
370000,-72,1451668877633,24
370000,-83,1451668877654,8
370000,-92,1451668877701,20
370000,-95,1451668877723,19
370000,-92,1451668877734,1
370000,-69,1451668877738,22
370000,-72,1451668877746,24
370000,-83,1451668877757,8
370000,-95,1451668877808,20
370000,-97,1451668877837,19
370000,-91,1451668877851,1
370000,-72,1451668877859,24
370000,-69,1451668877862,22
370000,-83,1451668877865,8
370000,-93,1451668877930,19
370000,-91,1451668877945,1
370000,-72,1451668877948,24
370000,-69,1451668877951,22
370000,-83,1451668877974,8
370000,-95,1451668878012,20
370000,-94,1451668878032,19
370000,-92,1451668878050,1
370000,-72,1451668878057,24
370000,-70,1451668878064,22
370000,-83,1451668878077,8
370000,-92,1451668878121,20
370000,-72,1451668878165,24
370000,-69,1451668878177,22
370000,-83,1451668878186,8
370000,-95,1451668878226,20
370000,-95,1451668878241,19
370000,-93,1451668878268,1
370000,-73,1451668878286,24
370000,-70,1451668878299,22
370000,-92,1451668878335,20
370000,-94,1451668878340,19
370000,-69,1451668878379,22
370000,-84,1451668878384,8
370000,-94,1451668878440,20
370000,-95,1451668878444,19
370000,-72,1451668878469,24
370000,-91,1451668878473,1
370000,-70,1451668878482,22
370000,-95,1451668878542,20
370000,-95,1451668878554,19
370000,-72,1451668878597,24
370000,-92,1451668878600,1
370000,-69,1451668878603,22
370000,-84,1451668878606,8
370000,-95,1451668878645,20
370000,-95,1451668878651,19
370000,-72,1451668878677,24
370000,-92,1451668878681,1
370000,-69,1451668878691,22
370000,-84,1451668878712,8
370000,-94,1451668878747,20
370000,-96,1451668878763,19
370000,-93,1451668878785,1
370000,-70,1451668878797,22
370000,-84,1451668878818,8
370000,-94,1451668878856,20
370000,-95,1451668878867,19
370000,-90,1451668878890,1
370000,-72,1451668878898,24
370000,-69,1451668878905,22
370000,-83,1451668878921,8
370000,-94,1451668878960,20
370000,-95,1451668878972,19
370000,-92,1451668878993,1
370000,-69,1451668879003,22
370000,-72,1451668879014,24
370000,-83,1451668879022,8
370000,-95,1451668879067,20
370000,-94,1451668879077,19
370000,-70,1451668879098,22
370000,-73,1451668879101,24
370000,-83,1451668879131,8
370000,-95,1451668879176,20
370000,-96,1451668879180,19
370000,-70,1451668879195,22
370000,-93,1451668879204,1
370000,-72,1451668879215,24
370000,-84,1451668879231,8
370000,-93,1451668879281,20
370000,-94,1451668879318,19
370000,-69,1451668879342,22
370000,-91,1451668879351,1
370000,-72,1451668879354,24
370000,-83,1451668879356,8
370000,-94,1451668879386,20
370000,-93,1451668879397,19
370000,-70,1451668879403,22
370000,-91,1451668879413,1
370000,-83,1451668879442,8
370000,-97,1451668879494,20
370000,-93,1451668879497,19
370000,-69,1451668879502,22
370000,-92,1451668879514,1
370000,-72,1451668879524,24
370000,-83,1451668879547,8
370000,-96,1451668879598,19
370000,-94,1451668879606,20
370000,-70,1451668879615,22
370000,-84,1451668879658,8
370000,-95,1451668879706,20
370000,-92,1451668879720,19
370000,-72,1451668879735,24
370000,-92,1451668879750,1
370000,-83,1451668879765,8
370000,-95,1451668879814,20
370000,-95,1451668879817,19
370000,-70,1451668879823,22
370000,-92,1451668879837,1
370000,-72,1451668879840,24
370000,-84,1451668879864,8
370000,-95,1451668879917,19
370000,-69,1451668879920,22
370000,-92,1451668879941,1
370000,-72,1451668879948,24
370000,-83,1451668879968,8
370000,-95,1451668880018,19
370000,-69,1451668880029,22
370000,-95,1451668880050,20
370000,-93,1451668880070,1
370000,-72,1451668880078,24
370000,-83,1451668880081,8
370000,-92,1451668880125,19
370000,-70,1451668880128,22
370000,-93,1451668880136,20
370000,-92,1451668880155,1
370000,-72,1451668880158,24
370000,-83,1451668880175,8
370000,-91,1451668880228,19
370000,-70,1451668880237,22
370000,-72,1451668880259,24
370000,-92,1451668880263,1
370000,-83,1451668880279,8
370000,-95,1451668880328,19
370000,-72,1451668880361,24
370000,-92,1451668880369,1
370000,-83,1451668880385,8
370000,-95,1451668880439,19
370000,-95,1451668880455,20
370000,-70,1451668880470,22
370000,-91,1451668880487,1
370000,-73,1451668880490,24
370000,-84,1451668880499,8
370000,-96,1451668880538,19
370000,-94,1451668880541,20
370000,-69,1451668880554,22
370000,-91,1451668880571,1
370000,-84,1451668880595,8
370000,-95,1451668880643,19
370000,-95,1451668880647,20
370000,-69,1451668880659,22
370000,-72,1451668880678,24
370000,-94,1451668880751,19
370000,-94,1451668880784,20
370000,-69,1451668880814,22
370000,-72,1451668880817,24
370000,-92,1451668880820,1
370000,-83,1451668880823,8
370000,-93,1451668880857,19
370000,-92,1451668880860,20
370000,-69,1451668880869,22
370000,-73,1451668880883,24
370000,-92,1451668880886,1
370000,-83,1451668880908,8
370000,-95,1451668880960,19
370000,-94,1451668880966,20
370000,-70,1451668880969,22
370000,-72,1451668880986,24
370000,-92,1451668880992,1
370000,-84,1451668881015,8
370000,-92,1451668881062,19
370000,-94,1451668881081,20
370000,-69,1451668881088,22
370000,-71,1451668881097,24
370000,-91,1451668881105,1
370000,-83,1451668881125,8
370000,-95,1451668881166,19
370000,-70,1451668881191,22
370000,-95,1451668881200,20
370000,-72,1451668881208,24
370000,-91,1451668881216,1
370000,-84,1451668881229,8
370000,-95,1451668881272,19
370000,-95,1451668881281,20
370000,-69,1451668881285,22
370000,-83,1451668881335,8
370000,-69,1451668881393,22
370000,-72,1451668881409,24
370000,-97,1451668881413,1
370000,-91,1451668881449,8
370000,-92,1451668881483,19
370000,-67,1451668881524,22
370000,-71,1451668881533,24
370000,-90,1451668881546,8
370000,-66,1451668881603,22
370000,-71,1451668881616,24
370000,-90,1451668881645,8
370000,-92,1451668881695,19
370000,-66,1451668881705,22
370000,-72,1451668881718,24
370000,-91,1451668881750,8
370000,-91,1451668881810,19
370000,-66,1451668881831,22
370000,-71,1451668881849,24
370000,-91,1451668881859,8
370000,-91,1451668881904,19
370000,-66,1451668881922,22
370000,-71,1451668881925,24
370000,-91,1451668881966,8
370000,-91,1451668882004,19
370000,-72,1451668882026,24
370000,-64,1451668882029,22
370000,-92,1451668882076,8
370000,-64,1451668882148,22
370000,-72,1451668882162,24
370000,-98,1451668882177,1
370000,-90,1451668882180,8
370000,-93,1451668882213,19
370000,-71,1451668882234,24
370000,-90,1451668882278,8
370000,-71,1451668882341,24
370000,-64,1451668882344,22
370000,-90,1451668882379,8
370000,-91,1451668882435,19
370000,-72,1451668882446,24
370000,-98,1451668882457,1
370000,-64,1451668882466,22
370000,-92,1451668882529,19
370000,-71,1451668882548,24
370000,-64,1451668882551,22
370000,-90,1451668882591,8
370000,-90,1451668882637,19
370000,-71,1451668882652,24
370000,-66,1451668882656,22
370000,-90,1451668882699,8
370000,-95,1451668882782,19
370000,-71,1451668882791,24
370000,-66,1451668882795,22
370000,-99,1451668882798,1
370000,-90,1451668882804,8
370000,-94,1451668882855,19
370000,-71,1451668882859,24
370000,-67,1451668882877,22
370000,-91,1451668882902,8
370000,-92,1451668882964,19
370000,-71,1451668882967,24
370000,-64,1451668882986,22
370000,-90,1451668883002,8
370000,-93,1451668883072,19
370000,-71,1451668883082,24
370000,-66,1451668883092,22
370000,-101,1451668883104,1
370000,-90,1451668883114,8
370000,-94,1451668883177,19
370000,-66,1451668883193,22
370000,-90,1451668883214,8
370000,-94,1451668883288,19
370000,-99,1451668883308,1
370000,-90,1451668883319,8
370000,-72,1451668883386,24
370000,-97,1451668883412,1
370000,-90,1451668883440,8
370000,-67,1451668883495,24
370000,-93,1451668883510,19
370000,-63,1451668883523,22
370000,-98,1451668883537,1
370000,-90,1451668883548,8
370000,-71,1451668883590,24
370000,-94,1451668883594,19
370000,-66,1451668883606,22
370000,-98,1451668883615,1
370000,-90,1451668883642,8
370000,-67,1451668883697,24
370000,-95,1451668883700,19
370000,-66,1451668883710,22
370000,-98,1451668883721,1
370000,-90,1451668883752,8
370000,-71,1451668883803,24
370000,-66,1451668883812,22
370000,-89,1451668883858,8
370000,-67,1451668883912,24
370000,-63,1451668883922,22
370000,-98,1451668883935,1
370000,-90,1451668883963,8
370000,-71,1451668884009,24
370000,-64,1451668884020,22
370000,-92,1451668884030,19
370000,-90,1451668884076,8
370000,-71,1451668884118,24
370000,-63,1451668884135,22
370000,-99,1451668884162,1
370000,-71,1451668884221,24
370000,-66,1451668884237,22
370000,-93,1451668884251,19
370000,-98,1451668884265,1
370000,-90,1451668884286,8
370000,-72,1451668884323,24
370000,-66,1451668884332,22
370000,-95,1451668884335,19
370000,-98,1451668884354,1
370000,-90,1451668884390,8
370000,-71,1451668884429,24
370000,-66,1451668884442,22
370000,-94,1451668884445,19
370000,-99,1451668884464,1
370000,-90,1451668884490,8
370000,-71,1451668884531,24
370000,-99,1451668884574,1
370000,-90,1451668884603,8
370000,-71,1451668884645,24
370000,-66,1451668884650,22
370000,-90,1451668884702,8
370000,-71,1451668884739,24
370000,-100,1451668884742,20
370000,-92,1451668884751,19
370000,-66,1451668884755,22
370000,-98,1451668884780,1
370000,-91,1451668884803,8
370000,-71,1451668884839,24
370000,-101,1451668884850,20
370000,-94,1451668884859,19
370000,-66,1451668884875,22
370000,-97,1451668884890,1
370000,-90,1451668884912,8
370000,-71,1451668884946,24
370000,-97,1451668884958,20
370000,-92,1451668884971,19
370000,-64,1451668884981,22
370000,-98,1451668884997,1
370000,-89,1451668885029,8
370000,-71,1451668885053,24
370000,-98,1451668885077,20
370000,-92,1451668885080,19
370000,-66,1451668885086,22
370000,-71,1451668885154,24
370000,-101,1451668885168,20
370000,-92,1451668885171,19
370000,-67,1451668885183,22
370000,-99,1451668885199,1
370000,-91,1451668885226,8
370000,-71,1451668885260,24
370000,-98,1451668885270,20
370000,-91,1451668885276,19
370000,-66,1451668885292,22
370000,-96,1451668885298,1
370000,-91,1451668885331,8
370000,-71,1451668885363,24
370000,-98,1451668885375,20
370000,-93,1451668885385,19
370000,-66,1451668885402,22
370000,-90,1451668885440,8
370000,-71,1451668885466,24
370000,-97,1451668885477,20
370000,-91,1451668885488,19
370000,-66,1451668885508,22
370000,-91,1451668885544,8
370000,-71,1451668885574,24
370000,-98,1451668885587,20
370000,-66,1451668885616,22
370000,-90,1451668885646,8
370000,-71,1451668885674,24
370000,-97,1451668885692,20
370000,-92,1451668885704,19
370000,-64,1451668885735,22
370000,-91,1451668885756,8
370000,-71,1451668885783,24
370000,-98,1451668885801,20
370000,-90,1451668885812,19
370000,-91,1451668885876,8
370000,-71,1451668885910,24
370000,-93,1451668885916,19
370000,-64,1451668885934,22
370000,-91,1451668885962,8
370000,-72,1451668885988,24
370000,-100,1451668886013,20
370000,-99,1451668886042,1
370000,-90,1451668886066,8
370000,-71,1451668886092,24
370000,-99,1451668886118,20
370000,-92,1451668886121,19
370000,-64,1451668886144,22
370000,-91,1451668886168,8
370000,-71,1451668886200,24
370000,-92,1451668886227,19
370000,-66,1451668886248,22
370000,-98,1451668886277,1
370000,-91,1451668886280,8
370000,-67,1451668886299,24
370000,-93,1451668886328,19
370000,-99,1451668886331,20
370000,-63,1451668886349,22
370000,-91,1451668886368,8
370000,-71,1451668886406,24
370000,-68,1451668886451,22
370000,-76,1451668886512,24
370000,-68,1451668886557,22
370000,-75,1451668886638,24
370000,-68,1451668886667,22
370000,-76,1451668886719,24
370000,-68,1451668886764,22
370000,-76,1451668886823,24
370000,-68,1451668886868,22
370000,-76,1451668886924,24
370000,-68,1451668886976,22
370000,-76,1451668887027,24
370000,-64,1451668887101,22
370000,-76,1451668887147,24
370000,-68,1451668887212,22
370000,-76,1451668887254,24
370000,-68,1451668887295,22
370000,-76,1451668887335,24
370000,-68,1451668887398,22
370000,-75,1451668887433,24
370000,-68,1451668887506,22
370000,-76,1451668887541,24
370000,-75,1451668887655,24
370000,-68,1451668887734,22
370000,-76,1451668887753,24
370000,-68,1451668887821,22
370000,-75,1451668887859,24
370000,-68,1451668887931,22
370000,-99,1451668887948,8
370000,-75,1451668887969,24
370000,-68,1451668888040,22
370000,-76,1451668888072,24
370000,-68,1451668888167,22
370000,-75,1451668888195,24
370000,-64,1451668888253,22
370000,-75,1451668888275,24
370000,-99,1451668888434,20
370000,-64,1451668888461,22
370000,-76,1451668888486,24
370000,-98,1451668888582,20
370000,-68,1451668888595,22
370000,-76,1451668888598,24
370000,-68,1451668888670,22
370000,-75,1451668888692,24
370000,-68,1451668888775,22
370000,-75,1451668888797,24
370000,-64,1451668888881,22
370000,-75,1451668888910,24
370000,-68,1451668889006,22
370000,-75,1451668889043,24
370000,-68,1451668889089,22
370000,-76,1451668889115,24
370000,-68,1451668889196,22
370000,-76,1451668889220,24
370000,-64,1451668889301,22
370000,-76,1451668889329,24
370000,-68,1451668889428,22
370000,-76,1451668889458,24
370000,-68,1451668889509,22
370000,-76,1451668889532,24
370000,-76,1451668889638,24
370000,-68,1451668889721,22
370000,-76,1451668889751,24
370000,-75,1451668889859,24
370000,-59,1451668889966,24
370000,-67,1451668890036,22
370000,-75,1451668890072,24
370000,-75,1451668890175,24
370000,-59,1451668890275,24
370000,-68,1451668890343,22
370000,-75,1451668890381,24
370000,-67,1451668890451,22
370000,-75,1451668890509,24
370000,-67,1451668890577,22
370000,-75,1451668890600,24
370000,-67,1451668890651,22
370000,-75,1451668890700,24
370000,-64,1451668890757,22
370000,-75,1451668890810,24
370000,-68,1451668890869,22
370000,-76,1451668890915,24
370000,-64,1451668890978,22
370000,-76,1451668891025,24
370000,-68,1451668891086,22
370000,-75,1451668891138,24
370000,-68,1451668891179,22
370000,-93,1451668891195,8
370000,-76,1451668891234,24
370000,-68,1451668891286,22
370000,-93,1451668891300,8
370000,-76,1451668891334,24
370000,-64,1451668891387,22
370000,-94,1451668891405,8
370000,-72,1451668891441,24
370000,-69,1451668891489,22
370000,-93,1451668891520,1
370000,-93,1451668891549,19
370000,-93,1451668891554,20
370000,-87,1451668891559,8
370000,-72,1451668891562,24
370000,-94,1451668891592,1
370000,-92,1451668891595,19
370000,-94,1451668891598,20
370000,-86,1451668891605,8
370000,-72,1451668891645,24
370000,-94,1451668891694,1
370000,-70,1451668891697,22
370000,-92,1451668891700,19
370000,-93,1451668891703,20
370000,-84,1451668891709,8
370000,-72,1451668891754,24
370000,-69,1451668891798,22
370000,-94,1451668891804,19
370000,-93,1451668891809,20
370000,-83,1451668891820,8
370000,-72,1451668891861,24
370000,-95,1451668891905,19
370000,-69,1451668891920,22
370000,-93,1451668891934,20
370000,-84,1451668891960,8
370000,-72,1451668891969,24
370000,-95,1451668892007,19
370000,-94,1451668892010,1
370000,-69,1451668892013,22
370000,-95,1451668892016,20
370000,-86,1451668892034,8
370000,-72,1451668892077,24
370000,-94,1451668892112,1
370000,-95,1451668892115,19
370000,-69,1451668892118,22
370000,-93,1451668892121,20
370000,-87,1451668892144,8
370000,-72,1451668892181,24
370000,-87,1451668892298,8
370000,-72,1451668892308,24
370000,-95,1451668892324,1
370000,-92,1451668892327,19
370000,-93,1451668892330,20
370000,-84,1451668892360,8
370000,-72,1451668892394,24
370000,-70,1451668892435,22
370000,-84,1451668892460,8
370000,-72,1451668892502,24
370000,-92,1451668892532,19
370000,-92,1451668892541,1
370000,-70,1451668892549,22
370000,-87,1451668892567,8
370000,-72,1451668892608,24
370000,-92,1451668892645,19
370000,-69,1451668892662,22
370000,-95,1451668892677,20
370000,-84,1451668892705,8
370000,-94,1451668892742,19
370000,-69,1451668892746,22
370000,-96,1451668892749,1
370000,-83,1451668892774,8
370000,-93,1451668892846,19
370000,-69,1451668892849,22
370000,-92,1451668892852,1
370000,-95,1451668892855,20
370000,-87,1451668892880,8
370000,-73,1451668892911,24
370000,-69,1451668892953,22
370000,-93,1451668892961,19
370000,-94,1451668892974,1
370000,-87,1451668892993,8
370000,-72,1451668893027,24
370000,-70,1451668893058,22
370000,-93,1451668893068,19
370000,-90,1451668893071,1
370000,-94,1451668893073,20
370000,-84,1451668893087,8
370000,-72,1451668893124,24
370000,-70,1451668893154,22
370000,-91,1451668893157,19
370000,-92,1451668893167,1
370000,-92,1451668893170,20
370000,-83,1451668893192,8
370000,-69,1451668893261,22
370000,-94,1451668893270,19
370000,-91,1451668893278,1
370000,-84,1451668893299,8
370000,-72,1451668893336,24
370000,-69,1451668893363,22
370000,-92,1451668893374,19
370000,-93,1451668893385,1
370000,-95,1451668893395,20
370000,-83,1451668893415,8
370000,-72,1451668893445,24
370000,-69,1451668893462,22
370000,-95,1451668893478,1
370000,-95,1451668893489,20
370000,-73,1451668893551,24
370000,-70,1451668893619,22
370000,-94,1451668893621,1
370000,-92,1451668893624,19
370000,-97,1451668893627,20
370000,-86,1451668893636,8
370000,-72,1451668893655,24
370000,-71,1451668893670,22
370000,-93,1451668893680,1
370000,-97,1451668893703,20
370000,-83,1451668893719,8
370000,-70,1451668893780,22
370000,-91,1451668893784,1
370000,-92,1451668893797,19
370000,-94,1451668893810,20
370000,-84,1451668893822,8
370000,-72,1451668893865,24
370000,-70,1451668893886,22
370000,-93,1451668893897,1
370000,-94,1451668893906,19
370000,-96,1451668893918,20
370000,-82,1451668893938,8
370000,-72,1451668893974,24
370000,-71,1451668893985,22
370000,-96,1451668894002,19
370000,-93,1451668894012,1
370000,-92,1451668894022,20
370000,-82,1451668894037,8
370000,-72,1451668894074,24
370000,-71,1451668894094,22
370000,-97,1451668894097,19
370000,-92,1451668894108,1
370000,-95,1451668894123,20
370000,-84,1451668894143,8
370000,-71,1451668894174,24
370000,-72,1451668894201,22
370000,-91,1451668894227,20
370000,-90,1451668894251,8
370000,-71,1451668894279,24
370000,-91,1451668894311,1
370000,-97,1451668894342,20
370000,-84,1451668894372,8
370000,-72,1451668894382,24
370000,-94,1451668894406,19
370000,-90,1451668894410,1
370000,-71,1451668894420,22
370000,-93,1451668894434,20
370000,-86,1451668894454,8
370000,-72,1451668894489,24
370000,-96,1451668894514,1
370000,-90,1451668894518,19
370000,-70,1451668894528,22
370000,-91,1451668894541,20
370000,-82,1451668894560,8
370000,-72,1451668894589,24
370000,-93,1451668894620,1
370000,-92,1451668894626,19
370000,-70,1451668894635,22
370000,-98,1451668894643,20
370000,-84,1451668894666,8
370000,-72,1451668894691,24
370000,-95,1451668894721,1
370000,-96,1451668894730,19
370000,-70,1451668894739,22
370000,-93,1451668894761,20
370000,-98,1451668894831,1
370000,-91,1451668894848,19
370000,-69,1451668894864,22
370000,-93,1451668894879,20
370000,-80,1451668894901,8
370000,-74,1451668894904,24
370000,-93,1451668894931,19
370000,-70,1451668894946,22
370000,-93,1451668894959,20
370000,-81,1451668894981,8
370000,-91,1451668895042,1
370000,-97,1451668895046,19
370000,-70,1451668895049,22
370000,-94,1451668895068,20
370000,-82,1451668895086,8
370000,-73,1451668895115,24
370000,-91,1451668895146,1
370000,-95,1451668895152,19
370000,-71,1451668895163,22
370000,-91,1451668895174,20
370000,-80,1451668895194,8
370000,-74,1451668895220,24
370000,-92,1451668895254,19
370000,-94,1451668895264,1
370000,-73,1451668895275,22
370000,-81,1451668895306,8
370000,-74,1451668895326,24
370000,-96,1451668895354,19
370000,-95,1451668895364,1
370000,-75,1451668895376,22
370000,-99,1451668895386,20
370000,-83,1451668895406,8
370000,-75,1451668895434,24
370000,-95,1451668895459,19
370000,-79,1451668895470,22
370000,-96,1451668895492,20
370000,-80,1451668895512,8
370000,-75,1451668895544,24
370000,-95,1451668895568,19
370000,-96,1451668895578,1
370000,-82,1451668895616,8
370000,-75,1451668895657,24
370000,-93,1451668895677,19
370000,-98,1451668895687,1
370000,-94,1451668895697,20
370000,-79,1451668895724,8
370000,-76,1451668895752,24
370000,-76,1451668895772,22
370000,-90,1451668895775,19
370000,-94,1451668895782,1
370000,-95,1451668895792,20
370000,-82,1451668895824,8
370000,-80,1451668895860,24
370000,-76,1451668895877,22
370000,-91,1451668895883,19
370000,-95,1451668895887,1
370000,-97,1451668895896,20
370000,-82,1451668895925,8
370000,-81,1451668895983,24
370000,-79,1451668896011,22
370000,-88,1451668896020,19
370000,-94,1451668896023,1
370000,-82,1451668896029,8
370000,-78,1451668896084,22
370000,-94,1451668896098,1
370000,-88,1451668896100,19
370000,-97,1451668896106,20
370000,-82,1451668896131,8
370000,-82,1451668896177,24
370000,-79,1451668896198,22
370000,-97,1451668896217,1
370000,-98,1451668896224,20
370000,-88,1451668896226,19
370000,-84,1451668896242,8
370000,-87,1451668896318,22
370000,-96,1451668896325,1
370000,-86,1451668896345,8
370000,-75,1451668896385,24
370000,-76,1451668896403,22
370000,-97,1451668896418,1
370000,-89,1451668896439,19
370000,-79,1451668896453,8
370000,-75,1451668896480,24
370000,-70,1451668896502,22
370000,-97,1451668896522,1
370000,-91,1451668896537,19
370000,-83,1451668896555,8
370000,-74,1451668896585,24
370000,-70,1451668896649,19
370000,-83,1451668896666,8
370000,-73,1451668896685,24
370000,-73,1451668896714,22
370000,-98,1451668896752,1
370000,-88,1451668896758,19
370000,-84,1451668896768,8
370000,-73,1451668896785,24
370000,-74,1451668896815,22
370000,-75,1451668896891,24
370000,-77,1451668896916,22
370000,-82,1451668896981,8
370000,-75,1451668897000,24
370000,-77,1451668897020,22
370000,-95,1451668897051,1
370000,-84,1451668897068,19
370000,-76,1451668897084,8
370000,-76,1451668897106,24
370000,-79,1451668897134,22
370000,-92,1451668897180,19
370000,-73,1451668897215,24
370000,-76,1451668897231,22
370000,-90,1451668897282,19
370000,-72,1451668897339,24
370000,-90,1451668897389,19
370000,-82,1451668897402,8
370000,-72,1451668897434,24
370000,-74,1451668897450,22
370000,-102,1451668897468,1
370000,-91,1451668897501,19
370000,-73,1451668897540,24
370000,-75,1451668897544,22
370000,-97,1451668897584,20
370000,-88,1451668897604,8
370000,-92,1451668897606,19
370000,-74,1451668897643,24
370000,-75,1451668897669,22
370000,-99,1451668897703,20
370000,-90,1451668897708,8
370000,-91,1451668897730,19
370000,-70,1451668897757,24
370000,-75,1451668897774,22
370000,-96,1451668897779,1
370000,-97,1451668897806,20
370000,-92,1451668897822,19
370000,-74,1451668897872,24
370000,-75,1451668897876,22
370000,-96,1451668897892,1
370000,-89,1451668897923,8
370000,-92,1451668897926,19
370000,-74,1451668897962,24
370000,-75,1451668897966,22
370000,-96,1451668897988,1
370000,-101,1451668898006,20
370000,-88,1451668898040,8
370000,-91,1451668898044,19
370000,-74,1451668898062,24
370000,-76,1451668898087,22
370000,-97,1451668898090,1
370000,-86,1451668898112,8
370000,-91,1451668898145,19
370000,-75,1451668898163,24
370000,-75,1451668898187,22
370000,-97,1451668898205,1
370000,-91,1451668898240,19
370000,-75,1451668898277,24
370000,-75,1451668898290,22
370000,-96,1451668898321,1
370000,-83,1451668898332,8
370000,-90,1451668898345,19
370000,-75,1451668898369,24
370000,-76,1451668898386,22
370000,-97,1451668898408,1
370000,-81,1451668898437,8
370000,-90,1451668898453,19
370000,-74,1451668898472,24
370000,-76,1451668898503,22
370000,-97,1451668898509,1
370000,-76,1451668898552,8
370000,-76,1451668898581,24
370000,-75,1451668898602,22
370000,-76,1451668898687,24
370000,-76,1451668898704,22
370000,-95,1451668898724,1
370000,-76,1451668898738,8
370000,-77,1451668898793,24
370000,-76,1451668898817,22
370000,-95,1451668898839,1
370000,-76,1451668898845,8
370000,-80,1451668898894,24
370000,-77,1451668898916,22
370000,-91,1451668898933,1
370000,-76,1451668898949,8
